204179643
1892307264
2422103898
7792264160
14590753307
17295554932
21653411893
23420451760
24037675188
24095436393
26037824450
31594103623
32413327222
223848955216
665979645439
680259344720
824580120250
896390295329
1264744182593
1890366197867
2164505733416
2539727814212
2672423080979
2740502219365
2926046254524
2998766286638
3392025873325
3469712575875
3761478626584
3836597754397
3907709245142
3942014874687
3984547227179
4168539227290
4248557886213
4384165724333
5177458947768
5892605419089
6155703724151
6814371761057
6824970056372
7287482483029
7521986057416
7558182763258
7733201835477
7848420734656
8110495973221
9032867986737
9103869420987
9271291776640
9316401717008
9654480314587
9829109286153
10194275218820
