154299712080
194393015348
255859514770
400209633259
538694730901
554146781533
699237972545
1283344566689
1286916996910
1518381931234
1617558174278
1693998286255
2142438570265
2234109241586
2284854360080
2546795370041
2626089891182
2894856570661
2913915088531
3286294922400
3307776817005
3538494750927
3661982607280
3666638502724
3710566501086
3833352365953
3973932479470
4137511515108
4504075811947
4706577368127
4776468295193
4796444310899
4925427809385
4925963975645
5081317345854
5371801795723
5403351099642
5456972130895
5542951496892
5628819841325
5723506647540
5776965432954
5946674743852
6111851583303
