#Version:  4.1.2
#MC:       1.21.3
#Large:    0
#Search:   2
#List64:   100 - +++ big oceans 1.txt
#Progress: 1265108137437
#Threads:  2
#ResStop:  0
#Mode48:   0
#HutQual:  0
#MonArea:  13028
#Cond: 0f00000000faffff00faffff0006000000060000010000000000000000000000000000000000000000000000000000000000000000000000000000000000000000000000000000000000000000000000000000000000000000000000000000000000000000000000000000000000000000000000000000000000000000000400000000000000000000000000000000000000000000000000000000000000000000000000000000000000000000000000000000000100000000010000200000000000000000000000000000000000000000000080ffffff7f00000080ffffff7f00000080ffffff7f00000080ffffff7f00000080ffffff7f00000080ffffff7f00000080ffffff7f00000080ffffff7f00000080ffffff7f00000080ffffff7f00000080ffffff7f00000080ffffff7f00000000000000000000000000000000
#Cond: 1600000080ffffff80ffffff8000000080000000020000000100000000000000000000000000000000000000000000000000000000000000000000000000000000000000000000000000000000000000000000000000000000000000000000000000000000000000000000000000000000000000000000000000000000000400000000000000000000000000000000000000000000000000000000000000000000000000000000000000000000000000000000000100000000010000200000000000000000000000000000000000000000000080ffffff7f00000080ffffff7f00000080ffffff7f00000080ffffff7f00000080ffffff7f00000080ffffff7f00000080ffffff7f00000080ffffff7f00000080ffffff7f00000080ffffff7f00000080ffffff7f00000080ffffff7f00000000000000000000000000000000
#Cond: 4200000000fcffff00fcffff0004000000040000030000000200000000000000000000000000000000000000000000000000000000000000000000000000000000000000000000000000000000000000000000000000000000000000000000008144000100700700000000000000000000000000000000000000000000000400000000000000000000000000000000000000000000000000000000000000000000000000000000000000000000000000000000000000000000010000200000000000000000000000000000000000000000000080ffffff7f00000080ffffff7f00000080ffffff7f00000080ffffff7f00000080ffffff7f00000080ffffff7f00000080ffffff7f00000080ffffff7f00000080ffffff7f00000080ffffff7f00000080ffffff7f00000080ffffff7f00000000000000009a99593f3333733f
8812719865
15967965727
37116918854
41106516096
71866710510
83674184734
101263113789
110628701558
112001712632
122805105631
142071261386
147761751486
164164174790
188189037879
194108416224
206982550874
218756315758
244492959653
281942948298
331853218713
335425439791
345611404615
352837284190
384375334265
396082015072
399022863911
429840228441
442602832610
454447231689
468555837123
471150591071
486872018694
489726326560
504459148943
522994429519
536346112467
537140613628
541044453093
555668359501
567740107089
578463140616
585762833554
592527484949
595346278329
612109954667
643345907545
648638688720
662074217646
669636723666
696610161047
743040081039
751686580449
782619222770
785364773704
794028266109
815764458895
825958467515
857692267529
882362508065
896073954673
960454778889
963980448709
992209884698
1003458104038
1013899792482
1016329954852
1039797440285
1053292934596
1115717235829
1131451907241
1138127825722
1138947588933
1139623973964
1148239194730
1167691895472
1180004378693
1187762297573
1236905568726
1240019028449
1240390656468
1247598450521
1251294348572
1264744182593
