#Version:  4.1.2
#MC:       1.21.3
#Large:    0
#Search:   2
#List64:   100 - +++ big oceans 2.txt
#Progress: 9540082365386
#Threads:  4
#ResStop:  0
#Mode48:   0
#HutQual:  0
#MonArea:  13028
#Cond: 0f00000000faffff00faffff0006000000060000010000000000000000000000000000000000000000000000000000000000000000000000000000000000000000000000000000000000000000000000000000000000000000000000000000000000000000000000000000000000000000000000000000000000000000000400000000000000000000000000000000000000000000000000000000000000000000000000000000000000000000000000000000000100000000010000200000000000000000000000000000000000000000000080ffffff7f00000080ffffff7f00000080ffffff7f00000080ffffff7f00000080ffffff7f00000080ffffff7f00000080ffffff7f00000080ffffff7f00000080ffffff7f00000080ffffff7f00000080ffffff7f00000080ffffff7f00000000000000000000000000000000
#Cond: 4200000000f8ffff00f8ffff000800000008000002000000010000000000000000000000000000000000000000000000000000000000000000000000000000000000000000000000000000000000000000000000000000000000000000000000814c010100700700000000000000700000000000000000000000000000000400000000000000000000000000000000000000000000000000000000000000000000000000000000000000000000000000000000000000000000010000200000000000000000000000000000000000000000000080ffffff7f00000080ffffff7f00000080ffffff7f00000080ffffff7f00000080ffffff7f00000080ffffff7f00000080ffffff7f00000080ffffff7f00000080ffffff7f00000080ffffff7f00000080ffffff7f00000080ffffff7f00000000000000006666663f3333733f
#Cond: 1600000000fdffff00fdffff0003000000030000030000000100000000000000000000000000000000000000000000000000000000000000000000000000000000000000000000000000000000000000000000000000000000000000000000000000000000000000000000000000000000000000000000000000000000000400000000000000000000000000000000000000000000000000000000000000000000000000000000000000000000000000000000000100000000010000200000000000000000000000000000000000000000000080ffffff7f00000080ffffff7f00000080ffffff7f00000080ffffff7f00000080ffffff7f00000080ffffff7f00000080ffffff7f00000080ffffff7f00000080ffffff7f00000080ffffff7f00000080ffffff7f00000080ffffff7f00000000000000000000000000000000
#Cond: 0700000000fdffff00fdffff0003000000030000040000000300000000000000000000000000000000000000000000000000000000000000000000000000000000000000000000000000000000000000000000000000000000000000000000000000000000000000000000000000700000000000000000000000000010000400000000000000000000000000000000000000000000000000000000000000000000000000000000000000000000000000000000000000000000010000300000000000000000000000000000000000000000000080ffffff7f00000080ffffff7f00000080ffffff7f00000080ffffff7f00000080ffffff7f00000080ffffff7f00000080ffffff7f00000080ffffff7f00000080ffffff7f00000080ffffff7f00000080ffffff7f00000080ffffff7f00000000000000000ad7233c3333733f
41106516096
127349364927
169339045200
227265700403
238064863555
418611723125
473311356055
593626402700
726472609442
810069578336
911126950062
938486776481
949582432437
979017627742
1078420184669
1155565211771
1172810716817
1173951810204
1270453341437
1728186647319
1812609700115
2134697436754
2224768031339
2581371869434
2587856966631
2705564740812
2879339203847
3063709093244
3146650868158
3355662487105
3371410487021
3372206440228
3411377505836
3431090816938
3505052821497
3532976485675
3647195624144
3761478626584
3806131332244
3962013198783
3998063252187
4014055302059
4068992883219
4122751360423
4264546983786
4316346969425
4319632177618
4352485646861
4488599985689
4500675697333
4530700282564
4793120386211
4828515030429
5034502480203
5051198892947
5083964138915
5203977013363
5218310000738
5223919453552
5253401317736
5251670514155
5310834572693
5351435108132
5465856187966
5510198206702
5634504953515
5699676928155
5812081831881
5889985976449
5894988205675
6054747260650
6129287799202
6249587694024
6293249768791
6340547763619
6533988422530
6586346193942
6683249191219
6743747540526
6996076137387
7157697102637
7220474539749
7244104924031
7294294500398
7327460604851
7348813198299
7382756527135
7501038729208
7589131865611
7598250618426
7684524933499
7724191647760
7736722856133
8039312997395
8074203032982
8137400915746
8151975832777
8204492342647
8249818855017
8370820511398
8430319929594
8452179521739
8520624183151
8933477945816
9147388479711
9298806425559
9336928219561
