6938773332
7237007195
12825895143
16829432880
21631340905
27959246918
28089594765
35436920237
36103013643
36183970505
37187123444
47503951602
51217319003
59889660432
62749942451
73168227400
73336080792
83389306020
85182317896
89366305527
101263113789
102499783690
108058061137
108791747790
111337238188
115240171539
120180773822
133399816691
141348378431
146156927615
159344409237
164015783609
169275827969
172632410206
174219410238
181835221075
190336414316
191341988475
191631367430
192779960962
197990621562
207499543453
209845296043
213789352886
224073957477
229206145032
229141546358
229820960037
232594561327
236013464730
244492959653
249612787106
250403669682
270928321788
280696069640
287318906298
288895730188
294947180181
298764421541
319840479495
321411953382
329560696190
338081896740
338246119848
338475590886
342977785755
344234386215
345611404615
363405226596
368970825182
369349190279
369487885586
372941399983
375809029859
387355545418
392915058388
396082015072
397137526837
404674916554
407919282137
415593826442
435188880504
437146215275
439001007084
439481012034
451656145062
457762185908
460666549097
