#Version:  4.1.2
#MC:       1.21.3
#Large:    0
#Search:   2
#List64:   100 - +++ big oceans 2.txt
#Progress: 10384333731033
#Threads:  2
#ResStop:  0
#Mode48:   0
#HutQual:  0
#MonArea:  13028
#Cond: 0f00000000faffff00faffff0006000000060000010000000000000000000000000000000000000000000000000000000000000000000000000000000000000000000000000000000000000000000000000000000000000000000000000000000000000000000000000000000000000000000000000000000000000000000400000000000000000000000000000000000000000000000000000000000000000000000000000000000000000000000000000000000100000000010000200000000000000000000000000000000000000000000080ffffff7f00000080ffffff7f00000080ffffff7f00000080ffffff7f00000080ffffff7f00000080ffffff7f00000080ffffff7f00000080ffffff7f00000080ffffff7f00000080ffffff7f00000080ffffff7f00000080ffffff7f00000000000000000000000000000000
#Cond: 1600000080feffff80feffff8001000080010000020000000100000000000000000000000000000000000000000000000000000000000000000000000000000000000000000000000000000000000000000000000000000000000000000000000000000000000000000000000000000000000000000000000000000000000400000000000000000000000000000000000000000000000000000000000000000000000000000000000000000000000000000000000100000000010000200000000000000000000000000000000000000000000080ffffff7f00000080ffffff7f00000080ffffff7f00000080ffffff7f00000080ffffff7f00000080ffffff7f00000080ffffff7f00000080ffffff7f00000080ffffff7f00000080ffffff7f00000080ffffff7f00000080ffffff7f00000000000000000000000000000000
#Cond: 4200000080feffff80feffff8001000080010000030000000100000000000000000000000000000000000000000000000000000000000000000000000000000000000000000000000000000000000000000000000000000000000000000000000000000000000000000000000000000200000000000000000000000000000400000000000000000000000000000000000000000000000000000000000000000000000000000000000000000000000000000000000000000000010000200000000000000000000000000000000000000000000080ffffff7f00000080ffffff7f00000080ffffff7f00000080ffffff7f00000080ffffff7f00000080ffffff7f00000080ffffff7f00000080ffffff7f00000080ffffff7f00000080ffffff7f00000080ffffff7f00000080ffffff7f00000000000000000ad7233c3333733f
#Cond: 4200000000faffff00faffff000600000006000004000000010000000000000000000000000000000000000000000000000000000000000000000000000000000000000000000000000000000000000000000000000000000000000000000000814c010500700700000000000000700000000000000000000000000000000400000000000000000000000000000000000000000000000000000000000000000000000000000000000000000000000000000000000000000000010000200000000000000000000000000000000000000000000080ffffff7f00000080ffffff7f00000080ffffff7f00000080ffffff7f00000080ffffff7f00000080ffffff7f00000080ffffff7f00000080ffffff7f00000080ffffff7f00000080ffffff7f00000080ffffff7f00000080ffffff7f00000000000000009a99593f3333733f
223848955216
604206913848
665979645439
680259344720
700547044247
824580120250
879664351668
896390295329
1102179175419
1247870481915
1264744182593
1890366197867
2164505733416
2539727814212
2672423080979
2711408166875
2740502219365
2926046254524
2998766286638
3034793857258
3392025873325
3431301707601
3469712575875
3761478626584
3836597754397
3907709245142
3942014874687
3984547227179
4116358207150
4168539227290
4248557886213
4384165724333
4606681332979
4968034138668
5177458947768
5463945100740
5892605419089
5996978593074
6155703724151
6814371761057
6824970056372
7287482483029
7521986057416
7558182763258
7733201835477
7848420734656
7983456399371
8110495973221
8235905509569
9032867986737
9103869420987
9271291776640
9316401717008
9654480314587
9829109286153
10194275218820
