#Version:  4.1.2
#MC:       1.21.3
#Large:    0
#Search:   2
#List64:   100 - +++ big oceans 1.txt
#Progress: 6115783696986
#Threads:  2
#ResStop:  0
#Mode48:   0
#HutQual:  0
#MonArea:  13028
#Cond: 0f00000000faffff00faffff0006000000060000010000000000000000000000000000000000000000000000000000000000000000000000000000000000000000000000000000000000000000000000000000000000000000000000000000000000000000000000000000000000000000000000000000000000000000000400000000000000000000000000000000000000000000000000000000000000000000000000000000000000000000000000000000000100000000010000200000000000000000000000000000000000000000000080ffffff7f00000080ffffff7f00000080ffffff7f00000080ffffff7f00000080ffffff7f00000080ffffff7f00000080ffffff7f00000080ffffff7f00000080ffffff7f00000080ffffff7f00000080ffffff7f00000080ffffff7f00000000000000000000000000000000
#Cond: 4200000080feffff80feffff800100008001000002000000010000000000000000000000000000000000000000000000000000000000000000000000000000000000000000000000000000000000000000000000000000000000000000000000814c000100700700000000000000000000000000000000000000000000000400000000000000000000000000000000000000000000000000000000000000000000000000000000000000000000000000000000000000000000010000200000000000000000000000000000000000000000000080ffffff7f00000080ffffff7f00000080ffffff7f00000080ffffff7f00000080ffffff7f00000080ffffff7f00000080ffffff7f00000080ffffff7f00000080ffffff7f00000080ffffff7f00000080ffffff7f00000080ffffff7f00000000000000003333733f3333733f
#Cond: 4200000000fcffff00fcffff000400000004000003000000010000000000000000000000000000000000000000000000000000000000000000000000000000000000000000000000000000000000000000000000000000000000000000000000814c010300700700000000000000700000000000000000000000000000000400000000000000000000000000000000000000000000000000000000000000000000000000000000000000000000000000000000000000000000010000200000000000000000000000000000000000000000000080ffffff7f00000080ffffff7f00000080ffffff7f00000080ffffff7f00000080ffffff7f00000080ffffff7f00000080ffffff7f00000080ffffff7f00000080ffffff7f00000080ffffff7f00000080ffffff7f00000080ffffff7f00000000000000003333733f3333733f
97844762548
154299712080
225539456357
400209633259
511578344918
523586338591
538694730901
554146781533
699237972545
725552295518
931311233274
1283344566689
1286171061821
1286916996910
1655664243027
1745379862191
2142438570265
2234109241586
2284854360080
2546795370041
2552584721266
2626089891182
2894856570661
2913915088531
2938394283612
2979234781766
3286294922400
3304342723901
3307776817005
3538494750927
3661982607280
3666638502724
3666962116604
3710566501086
3833352365953
3910662721714
3973932479470
4137511515108
4456486439457
4504075811947
4693692526421
4706577368127
4785076623401
4796444310899
4831740944763
4859709186103
4890287530580
4925427809385
5035647115431
5081317345854
5300821110223
5325174589615
5371801795723
5403351099642
5419069425840
5456972130895
5497292421788
5542951496892
5628819841325
5637449685084
5711642972442
5723506647540
5727514727862
5776965432954
5946674743852
6111851583303
