#Version:  4.1.2
#MC:       1.21.3
#Large:    0
#Search:   0
#Progress: 5326782673
#Threads:  3
#ResStop:  0
#Mode48:   0
#HutQual:  0
#MonArea:  13028
#Cond: 16000000c0ffffffc0ffffff4000000040000000010000000000000000000000000000000000000000000000000000000000000000000000000000000000000000000000000000000000000000000000000000000000000000000000000000000000000000000000000000000000000000000000000000000000000000000400000000000000000000000000000000000000000000000000000000000000000000000000000000000000000000000000000000000100000000010000200000000000000000000000000000000000000000000080ffffff7f00000080ffffff7f00000080ffffff7f00000080ffffff7f00000080ffffff7f00000080ffffff7f00000080ffffff7f00000080ffffff7f00000080ffffff7f00000080ffffff7f00000080ffffff7f00000080ffffff7f00000000000000000000000000000000
#Cond: 1b00000040ffffff40ffffffc0000000c0000000020000000100000000000000000000000000000000000000000000000000000000000000000000000000000000000000000000000000000000000000000000000000000000000000000000000000000000000000000000000000000000000000000000000000000000000400000000000000000000000000000000000000000000000000000000000000000000000000000000000000000000000000000000000100000000010000200000000000000000000000000000000000000000000080ffffff7f00000080ffffff7f00000080ffffff7f00000080ffffff7f00000080ffffff7f00000080ffffff7f00000080ffffff7f00000080ffffff7f00000080ffffff7f00000080ffffff7f00000080ffffff7f00000080ffffff7f00000000000000000000000000000000
#Cond: 42000000e0ffffffe0ffffff2000000020000000080000000100000000000000000000000000000000000000000000000000000000000000000000000000000000000000000000000000000000000000000000000000000000000000000000000400000000000000000000000000000000000000000000000000000000000400000000000000000000000000000000000000000000000000000000000000000000000000000000000000000000000000000000000000000000010000200000000000000000000000000000000000000000000080ffffff7f00000080ffffff7f00000080ffffff7f00000080ffffff7f00000080ffffff7f00000080ffffff7f00000080ffffff7f00000080ffffff7f00000080ffffff7f00000080ffffff7f00000080ffffff7f00000080ffffff7f0000000000000000cdcc4c3f3333733f
#Cond: 42000000e0ffffffe0ffffff2000000020000000030000000200000000000000000000000000000000000000000000000000000000000000000000000000000000000000000000000000000000000000000000000000000000000000000000008000000000100000000000000000000000000000000000000000000000000400000000000000000000000000000000000000000000000000000000000000000000000000000000000000000000000000000000000000000000010000200000000000000000000000000000000000000000000080ffffff7f00000080ffffff7f00000080ffffff7f00000080ffffff7f00000080ffffff7f00000080ffffff7f00000080ffffff7f00000080ffffff7f00000080ffffff7f00000080ffffff7f00000080ffffff7f00000080ffffff7f00000000000000000000003f3333733f
#Cond: 1100000040ffffff40ffffffc0000000c0000000040000000200000000000000000000000000000000000000000000000000000000000000000000000000000000000000000000000000000000000000000000000000000000000000000000000000000000000000000000000000000000000000000000000000000000000400000000000000000000000000000000000000000000000000000000000000000000000000000000000000000000000000000000000100000000010000200000000000000000000000000000000000000000000080ffffff7f00000080ffffff7f00000080ffffff7f00000080ffffff7f00000080ffffff7f00000080ffffff7f00000080ffffff7f00000080ffffff7f00000080ffffff7f00000080ffffff7f00000080ffffff7f00000080ffffff7f00000000000000000000000000000000
#Cond: 4200000000ffffff00ffffff0001000000010000050000000200000000000000000000000000000000000000000000000000000000000000000000000000000000000000000000000000000000000000000000000000000000000000000000000000000020000000000000002000000000000000000000000000000000000400000000000000000000000000000000000000000000000000000000000000000000000000000000000000000000000000000000000000000000010000200000000000000000000000000000000000000000000080ffffff7f00000080ffffff7f00000080ffffff7f00000080ffffff7f00000080ffffff7f00000080ffffff7f00000080ffffff7f00000080ffffff7f00000080ffffff7f00000080ffffff7f00000080ffffff7f00000080ffffff7f0000000000000000cdcc4c3d3333733f
#Cond: 4200000080feffff80feffff8001000080010000060000000200000000000000000000000000000000000000000000000000000000000000000000000000000000000000000000000000000000000000000000000000000000000000000000000200800000000000020000000000020000000000000000000000000000000400000000000000000000000000000000000000000000000000000000000000000000000000000000000000000000000000000000000000000000010000200000000000000000000000000000000000000000000080ffffff7f00000080ffffff7f00000080ffffff7f00000080ffffff7f00000080ffffff7f00000080ffffff7f00000080ffffff7f00000080ffffff7f00000080ffffff7f00000080ffffff7f00000080ffffff7f00000080ffffff7f0000000000000000cdcc4c3d3333733f
#Cond: 4200000000ffffff00ffffff0001000000010000070000000200000000000000000000000000000000000000000000000000000000000000000000000000000000000000000000000000000000000000000000000000000000000000000000000000000018000000000000000800000000000000000000000000000000000400000000000000000000000000000000000000000000000000000000000000000000000000000000000000000000000000000000000000000000010000200000000000000000000000000000000000000000000080ffffff7f00000080ffffff7f00000080ffffff7f00000080ffffff7f00000080ffffff7f00000080ffffff7f00000080ffffff7f00000080ffffff7f00000080ffffff7f00000080ffffff7f00000080ffffff7f00000080ffffff7f0000000000000000cdcc4c3d3333733f
6909246
28583414
117629772
117941627
300926169
353364121
405785503
425581831
608731079
661179569
701624518
703182084
814876846
841665981
863378605
916822206
964354974
983396432
1011851470
1093323125
1144416250
1185427329
1237161194
1275838965
1453828142
1505308442
1530595411
1607444284
1613109463
1654406567
1690953512
1727477265
2005093089
2172485720
2360985700
2393786041
2466368203
2480622588
2497423275
2506383127
2533298346
2543476223
2610679052
2628617976
2643894335
2644099127
2696766229
2808236904
2813204693
2932804509
2946518314
3051551810
3074923680
3132538175
3144688801
3222017946
3222527014
3300126968
3389572179
3445484908
3475999497
3539338550
3553572371
3612913437
3697842599
3752633568
3819589009
3846498784
3853363811
3897527645
3930963484
3956773745
3997876058
4120447706
4139699211
4193557131
4213126607
4288304103
4295001152
4338412104
4363052518
4377580158
4388703029
4499446294
4530117179
4613595835
4614107786
4727470362
4968905607
5030672921
5065134982
5120921365
5127157163
5153963649
5179005003
5184261972
5225478038
