#Version:  4.1.2
#MC:       1.21.3
#Large:    0
#Search:   0
#Progress: 246567301987
#Threads:  2
#ResStop:  0
#Mode48:   0
#HutQual:  0
#MonArea:  13028
#Cond: 1b000000f8fffffff8ffffff0800000008000000010000000000000000000000000000000000000000000000000000000000000000000000000000000000000000000000000000000000000000000000000000000000000000000000000000000040000000000000000000000000000000000000000000000000000010000400000000000000000000000000000000000000000000000000000000000000000000000000000000000000000000000000000000000100000000010000200000000000000000000000000000000000000000000080ffffff7f00000080ffffff7f00000080ffffff7f00000080ffffff7f00000080ffffff7f00000080ffffff7f00000080ffffff7f00000080ffffff7f00000080ffffff7f00000080ffffff7f00000080ffffff7f00000080ffffff7f00000000000000000000003f3333733f
#Cond: 42000000f0fffffff0ffffff1000000010000000020000000100000000000000000000000000000000000000000000000000000000000000000000000000000000000000000000000000000000000000000000000000000000000000000000000000010600000000000000000000000000000000000000000000000000000400000000000000000000000000000000000000000000000000000000000000000000000000000000000000000000000000000000000000000000010000200000000000000000000000000000000000000000000080ffffff7f00000080ffffff7f00000080ffffff7f00000080ffffff7f00000080ffffff7f00000080ffffff7f00000080ffffff7f00000080ffffff7f00000080ffffff7f00000080ffffff7f00000080ffffff7f00000080ffffff7f00000000000000000000003f3333733f
#Cond: 4200000000ffffff00ffffff000100000001000003000000010000000000000000000000000000000000000000000000000000000000000000000000000000000000000000000000000000000000000000000000000000000000000000000000814c010700700700000000000000000000000000000000000000000000000400000000000000000000000000000000000000000000000000000000000000000000000000000000000000000000000000000000000000000000010000200000000000000000000000000000000000000000000080ffffff7f00000080ffffff7f00000080ffffff7f00000080ffffff7f00000080ffffff7f00000080ffffff7f00000080ffffff7f00000080ffffff7f00000080ffffff7f00000080ffffff7f00000080ffffff7f00000080ffffff7f00000000000000003333733f3333733f
#Cond: 0f00000040ffffff40ffffffc0000000c0000000040000000100000000000000000000000000000000000000000000000000000000000000000000000000000000000000000000000000000000000000000000000000000000000000000000000000000000000000000000000000000000000000000000000000000000000400000000000000000000000000000000000000000000000000000000000000000000000000000000000000000000000000000000000100000000010000200000000000000000000000000000000000000000000080ffffff7f00000080ffffff7f00000080ffffff7f00000080ffffff7f00000080ffffff7f00000080ffffff7f00000080ffffff7f00000080ffffff7f00000080ffffff7f00000080ffffff7f00000080ffffff7f00000080ffffff7f00000000000000000000000000000000
#Cond: 4200000000faffff00faffff000600000006000005000000000000000000000000000000000000000000000000000000000000000000000000000000000000000000000000000000000000000000000000000000000000000000000000000000814c010700700700000000000000700000000000000000000000000000000400000000000000000000000000000000000000000000000000000000000000000000000000000000000000000000000000000000000000000000010000200000000000000000000000000000000000000000000080ffffff7f00000080ffffff7f00000080ffffff7f00000080ffffff7f00000080ffffff7f00000080ffffff7f00000080ffffff7f00000080ffffff7f00000080ffffff7f00000080ffffff7f00000080ffffff7f00000080ffffff7f00000000000000000000403f3333733f
1046127219
1115312877
1602636673
3897864779
4522775729
5783989550
5818080172
6033939734
6589004601
6803899303
6823691091
6945850219
6979705983
7029172911
7183136241
7519408928
8108588930
8601862653
8751661582
8894623390
9904303518
11020488380
11609419071
11903194808
11932391467
12852286733
13206015219
13435421542
13717259687
13892800688
14958094770
15327062112
15730595716
15860450604
16678403274
17294407654
17424200224
17986354325
19701944981
19817142366
19829730269
20464330220
20756346667
21589343837
22722374652
23350317738
23546901709
25484608618
25804963270
25819100996
26012284053
26622847967
26823725374
26888738971
26995356242
27348991161
28248750299
28502244134
28976595369
29220509445
29384577620
29452500877
30465141146
30948284286
32250769697
32358876495
32548356512
34534001106
34664346306
35198589810
37132211071
39560505379
40263752156
41869574088
42832188914
43129324291
43585138202
44504881680
45094697977
45845345100
46284595574
46665249950
47442589162
47452105888
48237968607
50195067141
50339753525
50459841779
50728993240
51361705261
51408393574
51948248910
52345509874
52443781652
52814651544
52840366758
53048668441
53055402621
53360289545
53917406280
54093285101
54218086780
54414613560
55699082724
56040615066
56140430793
56263994046
57150379630
59010543009
59951416642
60066813168
60146537645
60514223888
60931005488
61213567427
61688712927
62105441257
62535930013
62567391355
63143938277
63269872400
63821314360
65971848013
66078310562
66357914907
66546216653
66805421150
66997012399
67910620574
68335920265
68704818768
69006834838
69480314280
69605969394
69658364435
70680818063
71493096851
71971115999
72985585380
73347370816
73855391386
74121809362
75101239533
75170972007
75763542147
76027439999
76317408177
76334867376
76361083686
78082983877
78783511486
78855913958
79132864494
79142742149
79333860857
79543667252
80226231123
80345546767
80847532246
82510326391
83434054070
84040940089
84733799233
84827353499
84896651672
87978960844
88109509190
88191488326
89152219134
89995744344
90191031106
90579634722
91184251163
91500617795
93651672711
93799173069
94851296569
94896848274
95642081388
95731133440
95819649624
95913039704
96319250870
96366703763
96461846849
96605913729
96759239690
97048353931
97905788831
98330894408
98779800977
99300882063
99548391128
99688968750
99730485669
100037532797
100315914653
100382498347
101021337172
102420978655
103133762144
103462808549
103797326500
105050591478
106414375097
107330574938
108436980051
108773527252
108973653936
109266235464
109266486156
109548385835
110274296718
111529091770
111605139120
111761816613
112052950481
112324564937
114278310549
114688558446
115291757430
115304685768
116859688819
117011725274
117037275345
118466051917
119166939964
119460360507
119854816873
120028239015
121365844774
122904549094
124401651757
125512747759
125753434740
126499919731
126745375577
126816184984
127046357185
127489787835
127650853210
127683663245
127718822256
128587086950
128608470153
128833937568
128894831072
129102701237
129936070684
129981336264
130367169126
131010837737
131203991534
132140199300
132262825381
132787744075
134458853411
134464924421
134880158549
135555593936
136194971262
136536832316
136762959364
137086661981
137678138922
137965450605
138310114984
138783082194
139074196184
139134898143
139745899746
139850002354
139964379169
140154129287
140555550285
140675151972
140806002728
142164675888
142615037320
143500299318
144461325025
144611663277
145305092266
145326732694
145457130193
145734038911
146327598174
146402602317
147412033005
149064661167
150064849697
150488014976
150800435000
150826873738
151076026601
151489002980
152792520961
152927072021
153418358013
154040573850
155649640271
155702729104
155782426012
156101068226
156157132526
157131640989
157170723502
157658687848
157763493390
157807881249
158665010766
158734675443
159188066733
160909386530
162372713742
164386268570
164579090233
165420664553
165909096503
165957508376
166238866639
166272152234
166827054597
167993718456
168176227129
168354426778
168563815346
169767426002
170219632400
170385250687
170813406827
171960307265
172511566751
173266013744
173393641225
173410301021
173570363321
173752850126
173927418699
174708682167
175040359843
175537569846
175617285600
176655615392
176668320973
177010972469
177278730650
177619365421
177623153094
177895470976
177925830677
178199782768
178737084311
178788002201
178942701619
179034527463
179498132367
179734035356
179981510423
180391021324
180833561343
181396148108
181780048648
182653710632
183042908788
183073435959
184025759359
185116167831
185234605275
185513657821
185590235126
185889456453
186743691994
187151480341
187171357797
187428089787
188528584505
188690982348
188812325905
188825578455
189054201083
189352797052
189723086747
190269021828
190466567863
190496484308
191036034799
191983044270
192274946446
193135219342
193614607022
193766691826
193943557835
194592463800
194864309576
195229386641
195403030904
195876329058
196980781949
197521312439
198605940609
198871909729
199243055723
200259387546
201082528647
201529167470
202341983014
202364346852
203405755023
203415812153
203884850183
204275153797
204405670450
205027027233
205208105918
205222868459
205551824878
206239967004
206690618517
206705139661
207309115512
209417359977
209832443768
210493056186
210563427382
210783791944
211001314549
211220356300
211650219017
211775419394
211831453838
212197268633
212257327877
212373414633
212431691482
214357004151
214835034781
215323381066
215572289248
215601880392
216001147436
216171575795
216303910909
216304479715
216702227166
216821009552
217466819898
217679019826
219112779871
219180197077
219287987722
219363624070
219727985390
220126699965
220753713370
221022584208
221716605803
222832359261
224004012772
224083255077
224480627821
224503824840
224617188109
224812116990
225551681586
225869634800
226122516080
227134923319
227621675761
227771558403
228092610710
228779358375
229135002669
229370215495
229460790172
230127903525
231150197038
232576810215
232789552502
232825840890
233159195380
233223573404
233529190002
233631533683
233958497534
234076426869
234860650658
236604913607
237954693852
238326925748
238332199993
238823396870
239000865504
239478983273
240273004315
240722012178
241357312190
242456327689
243157401007
243455494469
244079805043
244309736128
244530068630
244962797397
245426814276
245557500741
245606368436
245887663391
