6751054023
9220664053
21316770639
30744715006
33534596041
34965930649
36016218063
39666665417
50360767440
53283183390
53608597281
56593964496
59641434442
60604595965
269427855091
699237972545
793839702242
998630214202
1286916996910
1734924607018
2284854360080
3833352365953
3836880838699
3973932479470
4456486439457
4796444310899
4831740944763
4859709186103
5004369792872
5236215659317
5325174589615
5542951496892
5637449685084
5723506647540
5727514727862
7118422619666
7431363372411
8023364771484
8321926462404
8585539927435
8774913549744
8789906369548
9545906986016
9629826459129
9640659045470
9977506951369
10141633948087
10295030126787
10316618701451
10453061670902
10456831412789
10671532925522
11389619454861
11414678698753
11440403979291
