8882037662
23549017000
177120018938
288084205455
570811436154
1046012349801
1512919142565
2023291985111
2086621426791
2365322211319
2433710580900
2633957388365
2664323238890
3107573424638
3774822659363
3981020025420
4407923560958
4527411733340
4588154807680
5162736065068
5828493101480
5902175880363
6342538747046
6683249191219
7688125245103
8030106588964
8456400732552
9247416033415
9406026742205
9499446054300
9503303815912
10867858559333
11056179609666
11113504982094
11115191590953
11148591112638
11235828836611
11477926456490
