6128095996
6469072794
9598146157
9768785809
10563305087
10591417487
10708006867
12704949902
14310900315
14926954448
17385994131
19580117157
20675904599
21048375270
23478538083
28738404925
29163784588
29273559751
29741960487
30157612604
33609210735
36193138110
36373804758
37961358708
38130150460
38348676406
39036323648
40913842271
41357241553
41884661492
44101758758
46827566903
94118936909
224824235262
443493734924
691998807903
952410935935
1012458968631
1019414796397
1026940404744
1031658776924
1036803767145
1038416166072
1042628383834
1627121624460
1748712085914
1820380189972
2570010601933
2752493736730
3151966419337
3234001659220
3430877196945
3505308419611
3599472359276
3601700754254
3771991684539
3961644785698
4948904627073
5004369792872
5312263737309
5456972130895
5682809967977
6055007838044
6361930533506
6373187500271
6385788827417
6513168477694
6759597289673
7170713424711
7177087457610
7398890434835
7523758035689
7657568246924
8100513960836
8256356352885
8445854244865
8519704145886
8759174841280
9621774797635
11098903981946
11177479378275
