#Version:  4.1.2
#MC:       1.21.3
#Large:    0
#Search:   2
#List64:   200 - +++ crater villages.txt
#Progress: 1173377417359
#Threads:  2
#ResStop:  0
#Mode48:   0
#HutQual:  0
#MonArea:  13028
#Cond: 0f00000080feffff80feffff8001000080010000010000000000000000000000000000000000000000000000000000000000000000000000000000000000000000000000000000000000000000000000000000000000000000000000000000000000000000000000000000000000000000000000000000000000000010000400ff5c006f7d7007001a10000829007e030000000000000000000000000000000000000000000000000000000000000000000000000100000000010000200000000000000000000000000000000000000000000080ffffff7f00000080ffffff7f00000080ffffff7f00000080ffffff7f00000080ffffff7f00000080ffffff7f00000080ffffff7f00000080ffffff7f00000080ffffff7f00000080ffffff7f00000080ffffff7f00000080ffffff7f0000000000000000cdcc4c3f3333733f
#Cond: 4200000020000000200000008000000080000000020000000100000000000000000000000000000000000000000000000000000000000000000000000000000000000000000000000000000000000000000000000000000000000000000000000000000000000000000000000000700000000000000000000000000000000400000000000000000000000000000000000000000000000000000000000000000000000000000000000000000000000000000000000000000000010000200000000000000000000000000000000000000000000080ffffff7f00000080ffffff7f00000080ffffff7f00000080ffffff7f00000080ffffff7f00000080ffffff7f00000080ffffff7f00000080ffffff7f00000080ffffff7f00000080ffffff7f00000080ffffff7f00000080ffffff7f0000000000000000cdcccc3d3333733f
#Cond: 4200000080ffffff80ffffffe0ffffffe0ffffff030000000100000000000000000000000000000000000000000000000000000000000000000000000000000000000000000000000000000000000000000000000000000000000000000000000000000000000000000000000000700000000000000000000000000000000400000000000000000000000000000000000000000000000000000000000000000000000000000000000000000000000000000000000000000000010000200000000000000000000000000000000000000000000080ffffff7f00000080ffffff7f00000080ffffff7f00000080ffffff7f00000080ffffff7f00000080ffffff7f00000080ffffff7f00000080ffffff7f00000080ffffff7f00000080ffffff7f00000080ffffff7f00000080ffffff7f0000000000000000cdcccc3d3333733f
#Cond: 4200000080ffffff20000000e0ffffff80000000040000000100000000000000000000000000000000000000000000000000000000000000000000000000000000000000000000000000000000000000000000000000000000000000000000000000000000000000000000000000700000000000000000000000000000000400000000000000000000000000000000000000000000000000000000000000000000000000000000000000000000000000000000000000000000010000200000000000000000000000000000000000000000000080ffffff7f00000080ffffff7f00000080ffffff7f00000080ffffff7f00000080ffffff7f00000080ffffff7f00000080ffffff7f00000080ffffff7f00000080ffffff7f00000080ffffff7f00000080ffffff7f00000080ffffff7f0000000000000000cdcccc3d3333733f
#Cond: 420000002000000080ffffff80000000e0ffffff050000000100000000000000000000000000000000000000000000000000000000000000000000000000000000000000000000000000000000000000000000000000000000000000000000000000000000000000000000000000700000000000000000000000000000000400000000000000000000000000000000000000000000000000000000000000000000000000000000000000000000000000000000000000000000010000200000000000000000000000000000000000000000000080ffffff7f00000080ffffff7f00000080ffffff7f00000080ffffff7f00000080ffffff7f00000080ffffff7f00000080ffffff7f00000080ffffff7f00000080ffffff7f00000080ffffff7f00000080ffffff7f00000080ffffff7f0000000000000000cdcccc3d3333733f
#Cond: 42000000a0ffffffa0ffffff6000000060000000060000000100000000000000000000000000000000000000000000000000000000000000000000000000000000000000000000000000000000000000000000000000000000000000000000008104000000700000000000000000000000000000000000000000000000000400000000000000000000000000000000000000000000000000000000000000000000000000000000000000000000000000000000000000000000010000200000000000000000000000000000000000000000000080ffffff7f00000080ffffff7f00000080ffffff7f00000080ffffff7f00000080ffffff7f00000080ffffff7f00000080ffffff7f00000080ffffff7f00000080ffffff7f00000080ffffff7f00000080ffffff7f00000080ffffff7f00000000000000000ad7233c3333733f
314264065829
315859771665
317348779315
319350961312
320280815470
321139034882
322291411815
324024190436
331296655068
332383540160
332837388899
342605520039
346861201121
359302677039
365621069843
367484147055
369460912402
369822927754
381829984823
383982048184
387226510504
389996399277
390524011001
390924894622
402346660593
406788119237
406823914039
408177430329
413345132792
413396623617
414045494795
414328298600
415464318525
422040786372
423693340383
431374357792
433500661261
434103826774
434361387787
435590181957
436182923890
445213789648
445242729858
448067133632
448437201299
452038333913
458171537266
459030929140
462471616649
464279170451
464696515340
465867935862
467882741061
472103509214
472313965256
476723269839
477667167848
479793232378
483122438214
484850080533
486929927891
487640212495
495568227088
495802047789
501747203227
511143644139
512595071573
512615840569
512809036485
520972395725
528232092016
531920781678
535438795812
538839196850
539063215607
540717443743
541252921409
543065494618
543845809551
552556098553
552633122952
554071026234
555170533461
555457098658
558428735822
569853352587
570023403880
571437479402
580531195817
583521412214
584053042088
601203471692
602557379060
606384462456
606420996922
612699166667
612704528637
614763143183
614760617479
615489841537
616349259501
620741439784
622579567274
630618929045
638088655901
639046907067
641030574414
642763835274
646048844634
646706726104
648985954320
649800935693
655549686025
658863448502
661682194241
667348704346
667407293130
668146623660
670136348209
678444955800
679830049614
684300127859
684785258718
685957476276
689339936119
689719326077
690583357572
696448344899
704316608756
708068023279
712641436826
717054938290
718027070122
719149615536
719364853853
722808538523
725233918581
725797912304
736236271524
742071066537
747865828325
752441742040
753133376646
755130766155
758925970687
763638883176
766435787027
770136660307
776518743515
782529031186
784707581295
787555750629
788530991778
788957266141
794590910825
798477984624
801775623031
803716729617
804166322185
806413849509
807127088975
808883392549
810110790172
813608039644
814287653225
814309992532
816688707633
819431005608
823613722318
824107353084
826448198724
828722440430
838034217765
842346598902
845808070983
848890222666
852937924664
853987645468
864097986119
865291059387
866638282483
868223583310
873549837914
875643761719
877043251638
877693215665
878774981470
881400920895
882311966711
887182621630
889355675390
889975880012
891323852179
892806972709
893258135434
893380489380
895173954995
899201767742
902930031630
903763252097
913057712622
916597527715
917368333751
917417615249
918203773508
921691071053
925960074406
926239605696
927363722532
930260517558
931593943915
933712781381
937884609070
938300527753
943817429472
944635380745
953399974734
953492334912
953925242072
958224088665
969821360704
971397660101
971582931188
976471456904
980637969549
981894083647
981984492428
983057616219
985960267782
1000236691515
1000813273119
1001531977505
1004052983618
1005549625639
1013593774646
1016420167155
1016894721691
1019805004119
1026271485683
1029891650555
1031631006969
1032267327612
1032408930934
1036471941644
1036849583989
1038658048901
1038917674823
1039894818404
1043263778003
1050611883508
1051325560383
1052036795517
1054477306860
1057191569046
1057400345174
1059422087253
1060598151056
1065754343418
1070964692089
1071609306882
1085287672598
1085474311972
1088121687640
1088416970050
1089573772771
1095740902314
1098194341428
1100811624851
1101809487262
1102649257759
1108396958760
1119317305336
1121850542755
1122038871564
1122331494259
1125607470825
1128757876969
1132365748166
1139301476176
1140372658057
1141732284132
1142830732034
1143184294202
1144304197099
1154529396511
1159695439873
1163947391053
1165203758079
