Crater lake:
583521412214

Broken crater:
332383540160
690583357572
753133376646
868223583310
877043251638
892806972709

Shore crater:
315859771665
819431005608
853987645468

Isolated shore:
317348779315
487640212495
520972395725
552556098553
555170533461
712641436826
725233918581
747865828325
776518743515

Half isolated shore:
320280815470
413396623617
445242729858
458171537266
464696515340
465867935862
501747203227
540717443743
638088655901
642763835274
689339936119
798477984624
882311966711

Side isolated shore:
558428735822
616349259501

Less isolated shore:
321139034882
365621069843
452038333913
612704528637
658863448502
667348704346
670136348209
848890222666
902930031630

Riverside crater:
448067133632
866638282483

Interesting valley:
379137361544
467882741061
512615840569
543845809551
620741439784
646048844634
719364853853
726269206251
736236271524
755130766155
770136660307
782529031186
823613722318
826448198724
842346598902
864097986119
873549837914
878774981470
903763252097

River Valley:
314264065829
319350961312
322291411815
324024190436
331296655068
332837388899
342605520039
346861201121
359302677039
366663638264
366895730291
367484147055
369460912402
369822927754
381829984823
383982048184
387226510504
389996399277
390524011001
390924894622
402346660593
406788119237
406823914039
408177430329
414045494795
414328298600
415464318525
422040786372
423693340383
431374357792
433500661261
434103826774
434361387787
435590181957
436182923890
445213789648
448437201299
459030929140
462471616649
464279170451
472103509214
472313965256
476723269839
477667167848
479793232378
483122438214
484850080533
486929927891
491079672152
495568227088
495802047789
505323800448
511143644139
512595071573
512809036485
528232092016
531920781678
535438795812
538839196850
539063215607
539484482639
541252921409
547023411555
554071026234
555457098658
569853352587
570023403880
580531195817
601203471692
602557379060
606420996922
612699166667
614760617479
614763143183
615489841537
622579567274
630618929045
637474571679
639046907067
641030574414
642766976809
646706726104
648985954320
655549686025
661682194241
667407293130
668146623660
678444955800
678482825593
679830049614
684300127859
684785258718
685957476276
688487388427
689719326077
690920380778
696448344899
704316608756
708068023279
717054938290
718027070122
718609509648
719149615536
722808538523
725797912304
742071066537
752441742040
758925970687
763638883176
766435787027
784707581295
787555750629
788530991778
788957266141
794590910825
801775623031
803716729617
804166322185
806413849509
807127088975
808883392549
810110790172
813608039644
814287653225
814309992532
816688707633
824107353084
828722440430
830984944172
838034217765
845808070983
852937924664
865291059387
875643761719
877693215665
881400920895
887182621630
889355675390
889975880012
891323852179
893258135434
893380489380
895173954995
899201767742
