#Version:  4.1.2
#MC:       1.21.3
#Large:    0
#Search:   2
#List64:   201 - +++ wide crater villages.txt
#Progress: 194336952631
#Threads:  2
#ResStop:  0
#Mode48:   0
#HutQual:  0
#MonArea:  13028
#Cond: 0f00000080feffff80feffff8001000080010000010000000000000000000000000000000000000000000000000000000000000000000000000000000000000000000000000000000000000000000000000000000000000000000000000000000000000000000000000000000000000000000000000000000000000000000400000000000000000000000000000000000000000000000000000000000000000000000000000000000000000000000000000000000100000000010000200000000000000000000000000000000000000000000080ffffff7f00000080ffffff7f00000080ffffff7f00000080ffffff7f00000080ffffff7f00000080ffffff7f00000080ffffff7f00000080ffffff7f00000080ffffff7f00000080ffffff7f00000080ffffff7f00000080ffffff7f00000000000000000000000000000000
#Cond: 420000003000000030000000c0000000c0000000020000000100000000000000000000000000000000000000000000000000000000000000000000000000000000000000000000000000000000000000000000000000000000000000000000000000000000000000000000000000700000000000000000000000000000000400000000000000000000000000000000000000000000000000000000000000000000000000000000000000000000000000000000000000000000010000200000000000000000000000000000000000000000000080ffffff7f00000080ffffff7f00000080ffffff7f00000080ffffff7f00000080ffffff7f00000080ffffff7f00000080ffffff7f00000080ffffff7f00000080ffffff7f00000080ffffff7f00000080ffffff7f00000080ffffff7f0000000000000000cdcccc3d3333733f
#Cond: 4200000040ffffff40ffffffd0ffffffd0ffffff030000000100000000000000000000000000000000000000000000000000000000000000000000000000000000000000000000000000000000000000000000000000000000000000000000000000000000000000000000000000700000000000000000000000000000000400000000000000000000000000000000000000000000000000000000000000000000000000000000000000000000000000000000000000000000010000200000000000000000000000000000000000000000000080ffffff7f00000080ffffff7f00000080ffffff7f00000080ffffff7f00000080ffffff7f00000080ffffff7f00000080ffffff7f00000080ffffff7f00000080ffffff7f00000080ffffff7f00000080ffffff7f00000080ffffff7f0000000000000000cdcccc3d3333733f
#Cond: 4200000040ffffff30000000d0ffffffc0000000040000000100000000000000000000000000000000000000000000000000000000000000000000000000000000000000000000000000000000000000000000000000000000000000000000000000000000000000000000000000700000000000000000000000000000000400000000000000000000000000000000000000000000000000000000000000000000000000000000000000000000000000000000000000000000010000200000000000000000000000000000000000000000000080ffffff7f00000080ffffff7f00000080ffffff7f00000080ffffff7f00000080ffffff7f00000080ffffff7f00000080ffffff7f00000080ffffff7f00000080ffffff7f00000080ffffff7f00000080ffffff7f00000080ffffff7f0000000000000000cdcccc3d3333733f
#Cond: 420000003000000040ffffffc0000000d0ffffff050000000100000000000000000000000000000000000000000000000000000000000000000000000000000000000000000000000000000000000000000000000000000000000000000000000000000000000000000000000000700000000000000000000000000000000400000000000000000000000000000000000000000000000000000000000000000000000000000000000000000000000000000000000000000000010000200000000000000000000000000000000000000000000080ffffff7f00000080ffffff7f00000080ffffff7f00000080ffffff7f00000080ffffff7f00000080ffffff7f00000080ffffff7f00000080ffffff7f00000080ffffff7f00000080ffffff7f00000080ffffff7f00000080ffffff7f0000000000000000cdcccc3d3333733f
#Cond: 4200000080ffffff80ffffff800000008000000006000000010000000000000000000000000000000000000000000000000000000000000000000000000000000000000000000000000000000000000000000000000000000000000000000000810c000000700000000000000000000000000000000000000000000000000400000000000000000000000000000000000000000000000000000000000000000000000000000000000000000000000000000000000000000000010000200000000000000000000000000000000000000000000080ffffff7f00000080ffffff7f00000080ffffff7f00000080ffffff7f00000080ffffff7f00000080ffffff7f00000080ffffff7f00000080ffffff7f00000080ffffff7f00000080ffffff7f00000080ffffff7f00000080ffffff7f00000000000000000ad7233c3333733f
578864413
674751201
3234533019
3612142745
3868872443
3892870444
4078753693
4079950662
4160985949
4319345173
4593978788
4791385650
5607673136
6192018119
6486547563
6544869751
6742562386
6795260012
6952116672
7411535077
7476374748
7604516196
8070032393
8286451964
8452909839
8656976757
9491154076
9760787569
10156243266
10832864850
11096676323
11151974899
11508866592
11809165753
11827291400
12119187042
12195079701
12430366511
12518299589
12521514423
13875067142
14535395887
14539157429
14566398348
14866616494
14940634920
15082510314
15358266338
15510473971
16758642530
16824335091
16981696413
17776570348
18542063580
18558814557
18580514109
18738936979
18762769827
19064954918
19096945299
19551553458
19598166135
20712415081
21022178698
21301574319
21640115983
21848881432
21977760071
22153853330
22279801666
22430496847
22644740105
22975248170
23632186700
26054104848
26219010642
26248687445
26722902032
26840557398
27261152847
27452875379
27475119176
27868437076
27930223936
28228198530
29380380062
29532832599
30259695385
31221290376
31247287836
31442913463
31463985984
31887319765
32844498840
33213869584
33664701037
33719808132
33956247098
34218481078
34324280931
35160797420
35281353593
36902941878
37012712265
37250743673
37359775555
37647099678
37765751509
38459572980
39004048244
39417914576
39598719595
39809121677
39838386261
40182292023
40232810514
40724389121
41298999859
41361803038
41443744001
42189828421
42582885518
43070221258
43188803558
43609715705
43863979011
44279505998
44441557002
44539527296
44688853933
45035009590
45072413480
45297278195
46535666138
47089729739
47791097619
47987216476
48227532728
48280907450
48666000493
49347270798
49457962139
49883848854
50040364005
50049310848
50307986611
51137508979
51345949498
51740374806
52102173342
52814903565
52934222535
53144948082
53206016453
53459732191
53969293609
53989271756
54166537662
54435168630
54521682497
54708762768
54757782917
55063160105
55080768115
55112213196
55158700421
55161772398
55169605327
55462250731
55709234745
56153264172
56652569442
57037013720
57044912151
57329826887
57538717251
57601123760
57634342760
57646898126
57697244393
58598819626
59016803185
59158859618
59181465665
59344100814
59455175111
59622308923
59697296049
59885084547
60346542122
60525907519
60603657827
61544443358
61922958367
62406203437
63852040581
64033096916
64175743367
64574490513
64667969405
64871294260
64935269253
65360900542
65681125507
66019607039
66606163707
66735790749
66794360419
66881886828
67030958212
67193385000
67300494488
67685061320
67952376653
68213584995
68335072734
68486077597
69291016859
69554548053
69614802590
69669153571
70073585235
70692260202
70713842636
70962843986
71691869597
71757676524
71945154317
72209074098
72335020608
72403244671
72654481111
72708616735
72970750069
73094046001
73354303142
73658246571
73986241695
74125127716
74279696429
75064333587
75317004425
75791749195
76261082091
76367609609
76588742566
77172801235
77311949081
77597699927
77780574434
78501554896
78660794548
78935979711
78953909939
79381264038
79473202040
79837872994
80190767062
80239794618
80797261014
80817690160
81279106103
81368063929
81466351944
81963918304
82015836352
83274131832
84741940691
84951548590
85316575371
85820745678
85958474535
86080218258
86260624252
86618374365
86785429135
86860281381
87071079215
87614726095
87857875105
88160710793
88450492851
88691667673
88784755690
88939772735
89039096887
89194741481
89196900846
89928852894
90343244311
90390602848
91776409954
92259193964
92724764755
92998522417
93756627189
93866913030
94028318437
94120453160
94350590559
94357483064
94513427438
94563771842
94811839159
95215566053
95220357516
95226213755
95662657237
95672711241
95851137105
95858424852
96154971028
96167780237
96273713967
96285841065
96731424449
96901324991
97017901669
97179346826
97361561994
97364786177
98490005612
98577436905
99036150330
99268389605
99278708254
99459283220
99608401125
99695124115
99757084281
100123154748
100550630042
100618044804
101477042309
101703000940
101850219702
101855173952
101973979812
101975379717
102106085239
102774644461
102966802309
103149066867
103262235093
103597313876
103703223342
104267295392
104857563392
105112103197
105300513033
105545669222
105961592087
106047163251
106754499554
107145355793
107271623764
107720959669
107830242297
108029364077
108136192574
108443851717
108927484296
108956236143
109022625811
109906026945
109979171083
110085491815
110153195717
110219988483
110349894033
110580456260
111135502027
111175343451
111405539701
111574866673
111983483257
112131818124
112484073166
112622374171
113033267183
113209288407
113672892161
113778293881
114490340136
114667816925
114841707230
114895193509
114987086442
115448008603
115520236467
115796980164
116485343978
117046518022
117062314954
117474841259
117481161146
117502432684
117521478317
117612644091
117690774671
118074930069
118204127647
118304923659
119742964618
119908457751
120400033674
120519703687
120529391376
120686931770
120828986473
120878507668
121318560545
121375743567
121561027730
121598608947
121927931282
122103258567
122199148615
123912406875
125099250492
125162220137
125314259577
125321263118
125354266619
125397616092
125851203455
126065004098
126228855442
126348410439
126389542174
126412318289
126854315476
127017095432
127276283278
127305444230
127559553787
127743869204
127915115574
127994270487
128120688729
128221161139
128327091503
128564366922
129822973015
129947581082
130723062537
130724591812
130751942643
131123876002
131649373692
132709239925
132962924723
132981981801
133463370825
134235452751
134738442009
134797290082
134991553949
135045007266
135993824136
136603638413
137326974228
137686593566
137846597449
138204557848
138517655540
138653755288
138747531947
139201785144
139587067300
140102703120
140489460561
141339966644
141546643681
141570958761
141686672486
141834969034
142981689264
143335015104
143648675761
144022500242
144143859441
144980180130
145424232945
146685648293
146743732422
146794183607
147520292474
147751774096
147804977698
148065606628
148746503871
149029760027
149967574886
150031309101
150562973966
151334195670
152479845979
152503193082
152569828620
152579240288
152599890949
152772450102
152924504884
152939831783
153516625460
153918821264
154055826625
154135968090
154319803552
154352593214
154518310540
154734890811
154892640374
154932194706
156454503084
156473690226
157218356480
157378095534
157463065417
157528024106
157781868867
158722915384
159048949271
159979073683
160869634074
161124894025
161125395082
161198887544
161456591761
161581254299
161830654772
162243544237
162428450537
162722485536
162811540014
162943155207
163383497304
163888886633
164161184522
164214408610
164251225995
164366638175
164539156834
164606693767
164799035996
165199804511
165253828857
165469354116
165497386640
166061631387
166902359305
167198729275
168469583492
168495087477
169067034660
169232936769
170145921102
170163842215
170757387498
170973196795
171282138336
171549043238
171950237458
172331559914
173152885769
173370443101
173516451370
173855072597
174980340804
175304205025
175472078905
175657019375
175938087035
175943966587
177294905982
177345566210
177435685611
177493401416
177495630544
177537422710
178029161171
178236642304
178642664882
178699883349
178729375020
178779636752
178832287328
179682462843
180078810829
180119797901
180144779872
180399149431
180788355943
181021663641
181385446037
181645474240
182037911473
182359399883
182953972380
182974176406
183055725676
183208759633
183477834833
183533721991
183976987697
184067634535
184491226634
184510551629
185207716798
186090149492
186108452204
186214651228
186233344717
186303994819
186555174999
186613922975
186678799632
186847731960
187007756231
187133766259
187187076537
187506432642
187663281194
188242897163
188285551894
188708076168
188904063349
189109428971
190003674065
190528425627
190822754109
190949892439
191180398700
192034030521
192185358806
192190694523
192793926331
192817611648
192883108618
193403688449
193687408656
