#Version:  4.1.2
#MC:       1.21.3
#Large:    0
#Search:   2
#List64:   201 - +++ wide crater villages.txt
#Progress: 227205259473
#Threads:  2
#ResStop:  0
#Mode48:   0
#HutQual:  0
#MonArea:  13028
#Cond: 1600000000feffff00feffff0002000000020000010000000000000000000000000000000000000000000000000000000000000000000000000000000000000000000000000000000000000000000000000000000000000000000000000000000000000000000000000000000000000000000000000000000000000000000400000000000000000000000000000000000000000000000000000000000000000000000000000000000000000000000000000000000100000000010000200000000000000000000000000000000000000000000080ffffff7f00000080ffffff7f00000080ffffff7f00000080ffffff7f00000080ffffff7f00000080ffffff7f00000080ffffff7f00000080ffffff7f00000080ffffff7f00000080ffffff7f00000080ffffff7f00000080ffffff7f00000000000000000000000000000000
#Cond: 420000003000000030000000c0000000c0000000020000000100000000000000000000000000000000000000000000000000000000000000000000000000000000000000000000000000000000000000000000000000000000000000000000000000000000000000000000000000700000000000000000000000000000000400000000000000000000000000000000000000000000000000000000000000000000000000000000000000000000000000000000000000000000010000200000000000000000000000000000000000000000000080ffffff7f00000080ffffff7f00000080ffffff7f00000080ffffff7f00000080ffffff7f00000080ffffff7f00000080ffffff7f00000080ffffff7f00000080ffffff7f00000080ffffff7f00000080ffffff7f00000080ffffff7f0000000000000000cdcccc3d3333733f
#Cond: 4200000040ffffff40ffffffd0ffffffd0ffffff030000000100000000000000000000000000000000000000000000000000000000000000000000000000000000000000000000000000000000000000000000000000000000000000000000000000000000000000000000000000700000000000000000000000000000000400000000000000000000000000000000000000000000000000000000000000000000000000000000000000000000000000000000000000000000010000200000000000000000000000000000000000000000000080ffffff7f00000080ffffff7f00000080ffffff7f00000080ffffff7f00000080ffffff7f00000080ffffff7f00000080ffffff7f00000080ffffff7f00000080ffffff7f00000080ffffff7f00000080ffffff7f00000080ffffff7f0000000000000000cdcccc3d3333733f
#Cond: 4200000040ffffff30000000d0ffffffc0000000040000000100000000000000000000000000000000000000000000000000000000000000000000000000000000000000000000000000000000000000000000000000000000000000000000000000000000000000000000000000700000000000000000000000000000000400000000000000000000000000000000000000000000000000000000000000000000000000000000000000000000000000000000000000000000010000200000000000000000000000000000000000000000000080ffffff7f00000080ffffff7f00000080ffffff7f00000080ffffff7f00000080ffffff7f00000080ffffff7f00000080ffffff7f00000080ffffff7f00000080ffffff7f00000080ffffff7f00000080ffffff7f00000080ffffff7f0000000000000000cdcccc3d3333733f
#Cond: 420000003000000040ffffffc0000000d0ffffff050000000100000000000000000000000000000000000000000000000000000000000000000000000000000000000000000000000000000000000000000000000000000000000000000000000000000000000000000000000000700000000000000000000000000000000400000000000000000000000000000000000000000000000000000000000000000000000000000000000000000000000000000000000000000000010000200000000000000000000000000000000000000000000080ffffff7f00000080ffffff7f00000080ffffff7f00000080ffffff7f00000080ffffff7f00000080ffffff7f00000080ffffff7f00000080ffffff7f00000080ffffff7f00000080ffffff7f00000080ffffff7f00000080ffffff7f0000000000000000cdcccc3d3333733f
#Cond: 4200000090ffffff90ffffff700000007000000006000000010000000000000000000000000000000000000000000000000000000000000000000000000000000000000000000000000000000000000000000000000000000000000000000000b200a12a05000000120000080101020200000000000000000000000000000400000000000000000000000000000000000000000000000000000000000000000000000000000000000000000000000000000000000000000000010000200000000000000000000000000000000000000000000080ffffff7f00000080ffffff7f00000080ffffff7f00000080ffffff7f00000080ffffff7f00000080ffffff7f00000080ffffff7f00000080ffffff7f00000080ffffff7f00000080ffffff7f00000080ffffff7f00000080ffffff7f0000000000000000a4707d3f3333733f
638966367
4106119759
4476579827
9534300064
12003977215
12913090134
17470129749
17515456581
18878266326
22537210743
24680636636
27218037111
31686665995
33767841285
34361063450
35311032977
40300572901
41122117629
42612327511
44235555289
46568694398
53300262405
54901534752
56219925981
58849108573
60532627459
65648043810
65984309039
67583106654
69321770315
74727111163
79157877173
80449798584
82469386826
82609379626
86419536769
93746040973
95687802425
96325405520
96985615795
97440850379
99568014896
100236207512
100828886325
100929836946
102796907468
102878815136
104183419094
106342726866
114659287775
117567651374
119303141902
122320435977
126462987179
128010854402
132479513493
133375635203
135184269076
138260838384
139190575522
139349210642
141313156903
141864281580
142315442609
145935515639
148305822053
149150700619
149184616636
158445651891
158708654772
159219706855
163905650507
164222750097
165218089956
165437297803
167198729275
169570645452
171023811940
171493826208
173231883295
174889265992
179858973313
181395709523
183323115450
183415947424
184831486172
189113391524
191278954096
191282929488
195551821076
197800527623
201643949766
205171074632
206195557076
210851452623
211788156103
211938222523
213442927384
216177286108
216594533080
216746549276
218485384298
225261846792
