Interesting valley:
638966367
4476579827
18878266326
33767841285
34361063450
40300572901
42612327511
53300262405
58849108573
60532627459
67583106654
79157877173
82469386826
86419536769
97440850379
102796907468
102878815136
106342726866
114659287775
119303141902
126462987179
128010854402
139349210642
141313156903
141864281580
142315442609
145935515639
148305822053
163905650507
165218089956
174889265992
179858973313
183323115450
191278954096
197800527623
201643949766
205171074632
206195557076
211938222523
216177286108

Wide valley:
4106119759
9534300064
12003977215
12913090134
17470129749
17515456581
22537210743
24680636636
27218037111
31686665995
35311032977
41122117629
44235555289
46568694398
54901534752
56219925981
65648043810
65984309039
69321770315
74727111163
80449798584
82609379626
93746040973
95687802425
96325405520
96985615795
99568014896
100236207512
100828886325
100929836946
104183419094
117567651374
122320435977
132479513493
133375635203
135184269076
138260838384
139190575522
149150700619
149184616636
158445651891
158708654772
159219706855
164222750097
165437297803
167198729275
169570645452
171023811940
171493826208
173231883295
181395709523
183415947424
184831486172
189113391524
191282929488
195551821076
210851452623
211788156103
213442927384
216594533080
216746549276
218485384298
225261846792

