Crater lake:
64175743367
198850349512
205946681425

Broken crater:
9491154076
38181169378
178779636752

Shore crater:
151152916778

Isolated shore:
142981689264
177495630544

Half isolated shore:
17018745596
252340159505

Side isolated shore:
144980180130
207763185221

Less isolated shore:
48666000493
60346542122
137846597449
178729375020
181385446037
195323069012
229221350479

Riverside crater:

Interesting valley:
85958474535
86260624252
90343244311
102687863082
178029161171
192373704679
198932823928
199746079884
207828523941
213240876974
233507039067
238088263820

River Valley:
14539157429
22153853330
27859677281
33664701037
39225331284
51137508979
56153264172
56856199568
70692260202
72930793066
72970750069
79837872994
89565782687
97361561994
102966802309
106426999864
110219988483
110580456260
118204127647
125851203455
138204557848
165237595614
176094207036
182261422633
187981173737
200263597074
212700180074
217262879665
219302036057
233724854378
242081553578
246211455680
246939831434
253877031203
253976889612
260298997539
260504151321
260965369783

