101362854
3195890770
10291964011
18545556920
18737091508
36905874590
45922550239
60947025260
65021849354
66749302170
78730415479
80970386222
82124479059
85075913293
86057965033
86715517820
96962998102
98667055379
100156160236
242539135631

5146306951
14628884529
27519539857
29118335543
32183520720
41858554970
42579878321
44558075281
48316187189
49193457987
49737702339
49908270832
50842823249
52657209019
54169503884
61043886264
62513221700
66663094857
68683867778
76530823704
86951080767
99305244281
104129608000
117701281447
338947918506
987064609246

45602596102
46653553192
57893224482
91294384942
94478298577
98040705639

