#Version:  4.1.2
#MC:       1.21.3
#Large:    0
#Search:   0
#Progress: 13736618103
#Threads:  3
#ResStop:  0
#Mode48:   0
#HutQual:  0
#MonArea:  13028
#Cond: 1b000000f0fffffff0ffffff1000000010000000010000000000000000000000000000000000000000000000000000000000000000000000000000000000000000000000000000000000000000000000000000000000000000000000000000000000000000000000000000000000000000000000000000000000000000000400000000000000000000000000000000000000000000000000000000000000000000000000000000000000000000000000000000000100000000010000200000000000000000000000000000000000000000000080ffffff7f00000080ffffff7f00000080ffffff7f00000080ffffff7f00000080ffffff7f00000080ffffff7f00000080ffffff7f00000080ffffff7f00000080ffffff7f00000080ffffff7f00000080ffffff7f00000080ffffff7f00000000000000000000000000000000
#Cond: 4200000020000000200000006000000060000000020000000100000000000000000000000000000000000000000000000000000000000000000000000000000000000000000000000000000000000000000000000000000000000000000000007000a06805000000100000080101000300000000000000000000000000000400000000000000000000000000000000000000000000000000000000000000000000000000000000000000000000000000000000000000000000010000200000000000000000000000000000000000000000000080ffffff7f00000080ffffff7f00000080ffffff7f00000080ffffff7f00000080ffffff7f00000080ffffff7f00000080ffffff7f00000080ffffff7f00000080ffffff7f00000080ffffff7f00000080ffffff7f00000080ffffff7f00000000000000006666663f3333733f
#Cond: 42000000a0ffffffa0ffffffe0ffffffe0ffffff030000000100000000000000000000000000000000000000000000000000000000000000000000000000000000000000000000000000000000000000000000000000000000000000000000007000a06805000000100000080101000300000000000000000000000000000400000000000000000000000000000000000000000000000000000000000000000000000000000000000000000000000000000000000000000000010000200000000000000000000000000000000000000000000080ffffff7f00000080ffffff7f00000080ffffff7f00000080ffffff7f00000080ffffff7f00000080ffffff7f00000080ffffff7f00000080ffffff7f00000080ffffff7f00000080ffffff7f00000080ffffff7f00000080ffffff7f00000000000000006666663f3333733f
#Cond: 4200000020000000a0ffffff60000000e0ffffff040000000100000000000000000000000000000000000000000000000000000000000000000000000000000000000000000000000000000000000000000000000000000000000000000000007000a06805000000100000080101000300000000000000000000000000000400000000000000000000000000000000000000000000000000000000000000000000000000000000000000000000000000000000000000000000010000200000000000000000000000000000000000000000000080ffffff7f00000080ffffff7f00000080ffffff7f00000080ffffff7f00000080ffffff7f00000080ffffff7f00000080ffffff7f00000080ffffff7f00000080ffffff7f00000080ffffff7f00000080ffffff7f00000080ffffff7f00000000000000006666663f3333733f
#Cond: 42000000a0ffffff20000000e0ffffff60000000050000000100000000000000000000000000000000000000000000000000000000000000000000000000000000000000000000000000000000000000000000000000000000000000000000007000a06805000000100000080101000300000000000000000000000000000400000000000000000000000000000000000000000000000000000000000000000000000000000000000000000000000000000000000000000000010000200000000000000000000000000000000000000000000080ffffff7f00000080ffffff7f00000080ffffff7f00000080ffffff7f00000080ffffff7f00000080ffffff7f00000080ffffff7f00000080ffffff7f00000080ffffff7f00000080ffffff7f00000080ffffff7f00000080ffffff7f00000000000000006666663f3333733f
1467228
8380805
9861000
13877405
14468698
16526775
17874979
18250882
20078655
21517282
22414997
24656504
25191023
26786612
28659997
32572067
36264513
38161670
39481207
42021549
42035005
42504677
49382392
51016231
53323983
53460904
63988267
64231791
64560958
69760360
72294413
73720060
77912224
79992705
81531108
82112162
82154490
82819775
87877765
89382382
89467891
91489228
92923874
94302812
101627872
102964507
104465392
105124143
105697988
107847357
108481045
108806423
110489889
112189195
113122890
113396455
113544567
119163883
123373817
129126559
129238061
132855659
135184952
137333865
138326633
143330854
147795524
150783951
151932175
151984992
152820743
154784646
160447228
163494847
164610306
169590092
170841719
177249319
177624125
180694350
189799657
191339445
193693403
194697313
198342962
200185427
202494389
212523774
213191904
215873237
217516394
222294256
224902849
227085436
229053745
230036969
230041410
230077001
234533368
236629725
245206560
249509920
250168735
256866485
260130755
261068190
265579105
267185087
271185726
272798329
276158919
280343163
285209197
286018534
291399036
292136888
294158398
301164799
303408693
303905284
303962519
304230649
305842059
313520987
316588572
316914781
326613066
329755894
332944364
333913756
335584206
341240891
341805521
343299820
349007882
352409056
352464151
352738659
361031724
364044139
364169572
365066198
365751431
375395046
379739935
383223038
386161519
387128062
389280858
402993883
407126943
407344512
408090950
411986636
412069291
417222282
417522091
419361412
421989705
422324825
424617436
436444286
437470102
438567703
439395400
439561821
439786142
441567732
443684448
443868369
444191539
444613344
447634769
451422746
455676898
456011889
466394844
467084576
467251165
470557190
472478749
473749950
477150316
480129529
482279881
484620288
490129792
491195768
492019066
492039750
494473763
496716794
498178796
498484789
499091558
499140641
500306966
503475301
504904634
508653741
508968092
509342178
514112846
514628381
518702434
520111152
526521146
530480218
531634751
535128944
536427994
540637089
540801212
545821890
546184879
546204579
546945291
548619753
551460312
554555486
557060690
559495906
566434733
567450104
575607117
579994378
584644134
587543915
589723878
590372467
591615346
592626370
595381642
596794143
603765051
605144975
606777779
610256661
618327332
621566915
626386715
630118596
632902994
633846136
635439824
637321338
637498654
639551875
650351521
652606941
655406643
657985017
659717963
661707308
663431495
665354324
670535143
672305863
672357565
679815906
680473807
684033313
686900646
687772410
691652724
694532240
697671104
700075776
702308116
704031832
712494444
713274498
716203990
718941271
720099422
726873652
736934196
737547284
737882081
742529391
747327865
747940385
752144365
759571371
760472629
761694722
762572709
765273343
766856721
769672005
770918250
771049102
773734851
775940893
776901333
777580122
778409603
781869747
783777491
785727845
788142438
790788212
793420317
798138898
798277820
798343956
801817255
802063633
803545628
803787731
804052829
805256130
812603760
814175091
815993402
819375695
821083332
822137655
826526556
827192128
828960200
837307239
838990295
845036441
848830494
849408686
850097897
851048620
853801866
855538243
856855845
857991478
859546198
859635969
871325970
874159207
874509194
875531841
875943494
877852536
878940836
888104694
888771167
891761068
896615473
897573621
899889206
900988746
903266948
908690103
908761932
910602491
913921277
914775372
915027123
916082670
916251104
917172305
918910447
920285423
923466555
925447860
925914704
928459097
929763539
934606917
944020745
950172592
954497798
956747581
957889440
961663065
963535932
963763107
965848319
969255428
969641562
970573257
970579430
971726658
971964051
974775668
976570189
976846020
977098120
978575942
981857472
983534021
991454089
996072067
997483571
998818013
999977264
1000587376
1006231796
1008705970
1011082932
1011247411
1023803010
1025974570
1035138190
1045068781
1045999982
1047046131
1049384003
1052116135
1052973193
1053392677
1053394863
1061254836
1061707675
1064143806
1064728131
1065954866
1066282046
1068329433
1071695256
1074591695
1079050881
1093495997
1094164299
1094819691
1097948832
1101159590
1102079390
1109232538
1112752421
1116846352
1117676345
1120110592
1120320818
1123726063
1123953744
1125467100
1126658784
1126719534
1132774207
1133072549
1135431148
1136788980
1138699309
1139276258
1140532598
1141994564
1144365483
1144959284
1146968663
1150966655
1156936347
1159648248
1163980918
1165360961
1168333347
1168728753
1172187884
1172812719
1176797195
1177104691
1178881581
1179044753
1187269656
1189941852
1198739343
1203114376
1206687632
1209189908
1209425486
1210212962
1210841700
1216010254
1217111493
1218088331
1220401566
1221795759
1222497611
1223044530
1228169588
1229514991
1232470267
1237670456
1250439347
1255440397
1256727200
1261760987
1262473389
1262758830
1268076801
1271624580
1272121798
1272728572
1274456302
1274740087
1274756813
1276807488
1278211816
1280759314
1281005007
1282763083
1283670268
1283869748
1284905772
1288842903
1289421396
1290590717
1290621229
1292017333
1294046765
1295094234
1295733889
1299705535
1302317840
1302331651
1302985814
1307446596
1311671780
1315048509
1317186520
1320463379
1327884982
1329506573
1335008328
1335147213
1336353337
1344497602
1351274347
1352198730
1352442477
1358605033
1365266808
1369489088
1372142251
1374266449
1374910245
1381989574
1383498403
1383869830
1384434926
1388297354
1390501907
1391549275
1394542318
1396205370
1404318106
1414892500
1416767028
1416991241
1417909194
1423332473
1423344927
1425130946
1429140666
1433349167
1433726087
1435360420
1451713976
1452319801
1452401474
1454686309
1454951430
1458040721
1459362564
1463339117
1467393045
1467524267
1469692764
1474637545
1475929438
1479876605
1488537257
1491272403
1491362247
1493409783
1496333332
1496836398
1498815847
1499380709
1499601862
1502415477
1504278274
1505109207
1505547271
1507581552
1509363841
1509903469
1510350790
1510710376
1510877149
1511843197
1512087968
1514750687
1514960201
1516218615
1516334526
1516721640
1518836349
1518893072
1518916332
1520994167
1522068866
1522710541
1523373601
1524515828
1531734026
1534631274
1534714384
1538512144
1538585062
1541747149
1542151980
1542349897
1543736848
1546859142
1551770240
1552556191
1553279981
1554259439
1554790933
1555308054
1556458846
1557357239
1560788663
1561258489
1562726934
1562978160
1568740514
1569968670
1573381693
1573401787
1575317397
1577282624
1580662107
1585421968
1587102542
1593333023
1597372537
1598766175
1599610522
1601632256
1604480366
1604804473
1611167033
1615906608
1616124270
1616492388
1617322569
1619604132
1625276863
1628148743
1628415673
1629519945
1633912575
1634353623
1638129298
1639950689
1641110410
1648056830
1652223415
1656450898
1657442047
1661880207
1662467078
1664845184
1665913859
1666567116
1672670448
1677226823
1680391554
1680775633
1681714391
1684210653
1686202772
1689235423
1689721000
1694182632
1694574242
1695460937
1697970804
1700594678
1701895680
1704743342
1706106697
1708922092
1708930940
1711728801
1715462742
1719005443
1719020185
1720454782
1725173760
1725680259
1727956834
1729286014
1731744778
1734879530
1738115938
1739833425
1745684737
1751023984
1751609322
1752856921
1754565663
1756963527
1757051541
1763287892
1766261248
1766425353
1767852620
1769337345
1770782820
1772168742
1772533481
1772907907
1773298876
1776271106
1776857486
1779163318
1786067100
1789582062
1795633239
1799122495
1803589625
1803997950
1804869144
1805425218
1807102390
1809758331
1812221518
1812629891
1814295892
1815537431
1820521432
1820551260
1822425385
1823287994
1828326942
1835813066
1838576861
1842337419
1842989847
1847128721
1853039691
1853794153
1855187966
1857993135
1859705695
1866626790
1867830143
1871475590
1872443653
1876134109
1880593029
1883100490
1885913475
1887665712
1888202082
1891414238
1893958761
1895520941
1897257838
1900062372
1901467500
1905054727
1907342325
1909458224
1909495932
1912510466
1914908425
1919265206
1919704327
1921888444
1922028527
1922123175
1924436144
1925520497
1927528843
1927711705
1928346210
1930829373
1931891889
1934865562
1940052985
1941423474
1941660658
1941936454
1942357939
1946813905
1947648796
1949289479
1949546505
1953528286
1954006447
1960991261
1961116587
1961442950
1961846782
1962466503
1962536368
1965383868
1965824725
1966311723
1966832382
1969133524
1971887466
1972161710
1974828956
1978432201
1979700201
1979774408
1980120516
1981854950
1983584961
1984556220
1984911728
1985021405
1986482734
1987435908
1990316875
2000443602
2012801307
2014029330
2014773471
2018272574
2021764394
2024206244
2027574737
2031760650
2033721916
2035178168
2035272486
2039145855
2040175667
2048360450
2048696634
2055294764
2057770017
2057880484
2061828835
2062114174
2063657823
2066295059
2072450002
2078661697
2078839273
2079468641
2080456884
2089708103
2090754568
2093175536
2095475046
2096407555
2100442835
2100995229
2101738836
2103326957
2105133208
2107227847
2107254542
2107719562
2107909268
2109131174
2114829855
2118051697
2123913397
2126969777
2130244900
2138822733
2139623454
2140553648
2148454187
2152248303
2153799229
2154117750
2158157328
2162110669
2162367697
2172578241
2180336593
2180634355
2182620745
2184459021
2185890207
2188634728
2189751688
2190554924
2190945384
2192875948
2192993250
2194345930
2196870039
2199363112
2202122104
2206662291
2212046758
2216286863
2220581815
2223152499
2223570350
2224325903
2224559956
2227008051
2227972785
2231765877
2233443645
2240622009
2240631258
2242725117
2247677621
2254213073
2254495868
2263142623
2263663084
2263924342
2269837948
2274243432
2275083542
2277900530
2283134100
2287691286
2295574933
2298647436
2304034209
2307273470
2307614909
2310035958
2311480585
2314247381
2315168587
2317474452
2317581786
2323406027
2325795914
2327000954
2329690186
2337850254
2341543638
2342560303
2342767885
2343269813
2346269665
2348660442
2350250787
2352474222
2360225248
2361760861
2366354829
2368468284
2371321060
2372900808
2374938309
2378016956
2378453149
2379537362
2379562152
2379947318
2380359389
2381318274
2385674703
2387879680
2389845366
2390185243
2393381515
2394670969
2398797251
2400137072
2403030978
2403882514
2404714092
2404998842
2405227662
2407690718
2410424713
2410825525
2410860848
2412884721
2413120604
2413393607
2414502501
2414592983
2415848796
2416047410
2418954146
2420659524
2420736843
2420860929
2420873362
2423621986
2423903954
2426764640
2427735505
2428907650
2432241857
2433797689
2433817435
2436240339
2441662289
2444118573
2448178961
2450451845
2450454879
2458125000
2464528772
2465795981
2466634451
2468020608
2468253116
2469965757
2471693847
2472683998
2473323538
2473515183
2474337214
2477255401
2488144187
2489798370
2494666219
2495993144
2508902688
2509333685
2510234534
2518885528
2520571500
2520912405
2526430216
2527848131
2532241402
2538423825
2540154557
2543752860
2546089888
2546461852
2557361841
2562512771
2564231226
2564340257
2573970106
2574140741
2578830546
2579184997
2579374010
2579839258
2583551725
2584461413
2586754050
2592296579
2592493603
2594473482
2600149281
2602625228
2614944609
2615101068
2616213340
2618120115
2621160647
2625137364
2634522147
2637745497
2638032715
2642877782
2644478107
2646738565
2650322112
2650619915
2654016558
2659078476
2664550987
2666571823
2668367821
2671998128
2677218287
2679985883
2680924361
2689338979
2689690766
2693932399
2696006459
2697158694
2697926184
2700905417
2704277776
2708433231
2716810113
2717525383
2721361522
2724648793
2730704531
2734643360
2741185455
2742074791
2743438556
2746233995
2747304517
2750371952
2751072387
2761189682
2762256665
2769203192
2770380720
2770539335
2773689738
2775627978
2778266069
2782088203
2782711561
2785051332
2785385306
2786812719
2790865605
2792398679
2795067307
2796622198
2800055783
2800652480
2801959158
2807210265
2809552344
2810548894
2811370044
2815986776
2817659343
2822594098
2825057039
2825495780
2828237467
2829869397
2831251115
2837447181
2839354486
2839722216
2841211932
2844624315
2846031625
2846364638
2847232229
2847923028
2850469296
2851971406
2854079236
2856001418
2857289688
2861562052
2862734920
2864230468
2865398947
2873572291
2878878558
2884495873
2894100804
2894979114
2899690627
2899796475
2904054901
2906498263
2907431995
2908334445
2909962012
2910534745
2912116001
2915373276
2915386387
2926747487
2933071705
2936878082
2937454403
2940446106
2941805126
2945566248
2949805464
2949810647
2951660977
2951893145
2953912703
2958882163
2967927591
2967974217
2969329153
2969944618
2971051640
2977280537
2979176423
2983934831
2984816673
2989499333
2990614151
2993365484
2995264930
2997194615
2998472113
2999479228
3002270457
3005859717
3007910585
3008905619
3011531966
3013026717
3020824852
3021741033
3032552560
3033642615
3036504224
3038652443
3043276760
3045476248
3046099734
3049625183
3051988153
3058993287
3062812471
3070706477
3083523260
3084078521
3090508269
3096181849
3097769266
3098834247
3099668965
3100265510
3103162329
3103764265
3105412162
3106024072
3109126896
3112599201
3112983102
3116575675
3117106417
3120917110
3126358794
3129432156
3136101171
3136474883
3146995267
3147819796
3148517164
3149461733
3153461410
3154736883
3155526291
3167883155
3172439712
3172998250
3174868150
3175934981
3178667757
3183791521
3184661673
3190757647
3194987196
3197170357
3197436075
3197922564
3200275323
3202961814
3203298534
3206558211
3206918153
3207156349
3207260160
3209838888
3214295461
3215202329
3218885801
3222670937
3222842748
3223790197
3226196698
3227955534
3231464586
3232108520
3238206178
3239916047
3241486089
3241970049
3244527646
3245014411
3253766295
3255233237
3258647340
3261506607
3264609024
3265101376
3266164233
3267319963
3268198846
3269909577
3275084382
3275314143
3276372607
3276445521
3289007305
3289614982
3291709525
3291994347
3292836273
3302705935
3304635243
3307681137
3308405061
3310424126
3314293360
3314432272
3314612383
3315504239
3327884833
3328578492
3328641946
3330688643
3331734814
3333115290
3334401600
3334701263
3337345408
3344424306
3345157463
3346139402
3353204337
3355625562
3357127968
3358711043
3359157550
3359547503
3364797120
3372831508
3372864624
3374507425
3375755734
3382352310
3384331579
3386006948
3386629168
3386883171
3388927994
3390273559
3393409752
3394519362
3395735982
3398730591
3400043227
3400361077
3405289220
3405482277
3410106699
3410985652
3411875567
3411976595
3415307878
3419148192
3419337598
3419937093
3421238327
3424615475
3427419896
3437060853
3437218497
3438010915
3439151945
3442357380
3443770735
3448283226
3449291378
3454161987
3456731691
3457489875
3461212967
3462622283
3463496793
3469201799
3471152698
3471706648
3472262983
3476253207
3477319527
3479995501
3480084517
3480608802
3486346945
3488819680
3489574509
3489609098
3489679275
3496420273
3502471192
3503018884
3504220764
3506541451
3515478824
3517797806
3523014278
3524154197
3524245555
3525495988
3528292205
3533815542
3538049502
3541075804
3544020816
3550778051
3555560482
3557925416
3562025546
3564234500
3576679363
3578113612
3580323633
3580510128
3581857917
3582507773
3583012702
3595847184
3596859138
3599994111
3601000721
3601515495
3604697832
3607727743
3609300961
3611610850
3615814808
3616757055
3617096431
3620839516
3621363579
3622173609
3622650212
3622834540
3623071611
3623792878
3625251308
3626815474
3627804360
3628601494
3629457307
3631684076
3631782194
3638280209
3641105795
3641601011
3642581243
3643574874
3645402858
3647374205
3649327649
3650214458
3653115913
3656054081
3665109898
3665411448
3667139308
3667937756
3674633197
3678715148
3683274855
3689982854
3695601730
3696051134
3698498662
3701781663
3702171425
3703306112
3703774784
3707666740
3708824543
3711348096
3711453786
3712247375
3713814706
3716920701
3719989160
3721201652
3730983310
3736209268
3742699808
3745032194
3748332986
3753601560
3753714303
3758740308
3759368456
3765489569
3770273380
3778608845
3785160424
3790103814
3792041486
3800171711
3806099655
3807463317
3810492205
3810888979
3811948275
3811967722
3814659635
3821036917
3821218363
3822121997
3823914067
3826074176
3833299766
3835750405
3841232422
3842417421
3844224268
3844285803
3847403088
3849140657
3851063610
3851128845
3855262588
3859226957
3859783202
3860043583
3861508136
3863945853
3869391945
3870376369
3873311087
3873813593
3873922103
3876426717
3877282111
3880048425
3884025186
3885756942
3886314693
3887805793
3891402688
3891637851
3896597638
3897239334
3897431948
3901515137
3901990729
3902887212
3903705658
3905411897
3905911003
3905950702
3911256875
3913182497
3918903693
3919634231
3922995618
3924367028
3926812023
3940538951
3941998524
3943649878
3946339286
3951595400
3957330068
3960073592
3963566476
3969686027
3972148616
3972873601
3975549950
3978012118
3979670392
3980456563
3982673436
3984687231
3991095388
3991298311
3996250563
3998197713
4000676912
4001417356
4003006922
4003472170
4004071141
4009085504
4012151097
4013665026
4015793330
4019469109
4024365649
4029522919
4031946615
4032790251
4038813303
4039287080
4039858430
4048354050
4049322037
4051682475
4056639639
4056748927
4061356991
4066584359
4069777023
4071499915
4072949179
4073054197
4078348809
4079515310
4080334252
4080878509
4081089799
4081326120
4081390531
4081991717
4084442591
4086198692
4094795717
4096419754
4100228828
4115524099
4122367349
4123525695
4126731933
4127049302
4128288407
4129886080
4130234891
4136493397
4139233274
4139837968
4140937563
4143488629
4144698965
4144854874
4145174419
4146045725
4146096221
4146442124
4146713479
4149265678
4150274347
4150396234
4166765455
4166813374
4169100207
4171319194
4172961628
4176837750
4177572857
4181435823
4182965939
4187567207
4188780851
4198007799
4199826182
4199838002
4212351140
4215134668
4216445818
4218742955
4227295586
4229345643
4229392170
4230796586
4234441067
4234915160
4236235743
4237180060
4242697829
4243376447
4243424199
4244927109
4250871612
4256977454
4258402565
4258822767
4271363401
4272127900
4279377723
4279536879
4286336938
4286567119
4287019059
4294051952
4296433544
4304585442
4305455711
4306517463
4307010413
4309729468
4311859126
4314940944
4317021499
4317409103
4325852936
4327722584
4332703592
4334333197
4334945723
4336160052
4336284453
4336651401
4340111288
4347734727
4348200384
4349589432
4349678157
4351589059
4356059508
4360195948
4361640680
4362699738
4363799215
4363819213
4371059776
4374960608
4376367965
4378846169
4379760727
4380696038
4384008031
4385161046
4386105007
4387064603
4388183408
4392404143
4393133157
4396039278
4400389047
4403062036
4403682893
4407054632
4407844819
4410493337
4410967932
4411591995
4415593154
4418598249
4419941980
4420896632
4421748998
4421922754
4426742971
4435734238
4436336568
4438571673
4438592619
4442217523
4445338715
4445439783
4445832905
4453511072
4454574933
4454647586
4457347151
4457521514
4461984900
4465712651
4476432734
4478254366
4478580594
4478639132
4483227494
4485760137
4486199625
4490122907
4492366120
4496074363
4505265773
4506693876
4508524519
4512126201
4514720315
4516516537
4521577835
4524990070
4528105494
4539099852
4539496299
4542901281
4549096711
4549452829
4550245556
4553738165
4560671833
4561411383
4561425802
4566446861
4574207659
4574823135
4579944735
4581057630
4582181917
4585960971
4586335700
4590997506
4591129542
4592460802
4594749638
4595991931
4596137843
4596655968
4598412403
4599666899
4601389680
4601511041
4603780240
4606974554
4609065322
4610115841
4622299557
4625723925
4625916952
4635844330
4638450622
4645601090
4649203966
4650277200
4652034643
4652262645
4653113403
4654002339
4655146455
4663919884
4664271977
4665548039
4668191408
4670659734
4671957765
4672031904
4674749930
4679986581
4682577631
4686020225
4687232240
4687873745
4689064603
4693238406
4694273055
4695025079
4695882253
4703201102
4703549718
4705743255
4709704367
4710203635
4711481812
4713045438
4728254800
4734158811
4735812165
4740627958
4741696314
4746071517
4749124750
4749694287
4754509664
4754853257
4757070808
4760358423
4773840180
4776228374
4782209350
4783083641
4784238365
4784920371
4786485543
4787257621
4790249727
4790568240
4799505781
4801174303
4804250411
4804744458
4811318253
4811319745
4817742949
4818821358
4819183746
4821280954
4821486326
4826222959
4828376810
4828836074
4835227882
4838012246
4838947578
4841754289
4843243412
4847053597
4848919825
4849634773
4851152172
4854696262
4857034406
4857412123
4863055506
4867694425
4868363699
4873990538
4876308742
4881251191
4881881183
4882880179
4884872137
4887620051
4889167386
4891467558
4894719666
4895157272
4898043701
4898928435
4899413114
4902621622
4906830379
4908188362
4911359339
4912304981
4912750919
4919795312
4922561402
4928498594
4931186218
4931978424
4934198865
4935305736
4938071631
4939747879
4945682243
4948778634
4953040064
4962663850
4965431779
4967483117
4972179805
4975185442
4975370865
4977000607
4979009992
4979074434
4980842058
4983217788
4983263141
4986479575
4992533809
4996074166
4997725962
4998300661
4998735934
5001475292
5004429240
5004542832
5006197965
5006667220
5006751171
5009741629
5013979498
5014192478
5015820363
5016516763
5024617158
5029629244
5031217550
5039817254
5045225178
5045609361
5046226344
5047072365
5049525022
5050126235
5051993342
5052253653
5054567814
5054933634
5056281700
5066706134
5068047227
5082550594
5091520147
5093377150
5094122287
5095635331
5097413832
5098805010
5099768458
5099902446
5099918802
5103185047
5106383040
5106633438
5109584568
5110299780
5114437972
5115907174
5116181301
5122075169
5129538599
5130956291
5133428684
5133591675
5135260779
5136015335
5140205933
5141017118
5146440404
5146559002
5146799243
5150239769
5152138633
5152215261
5163600764
5166401957
5166642597
5168219770
5168930233
5168994611
5176144061
5176435744
5184425904
5184503589
5188610386
5189950430
5192848066
5195203808
5197803459
5198415494
5199273945
5200990725
5201398347
5205920003
5207727292
5208219028
5211801934
5213923146
5215006995
5215019698
5216711050
5217539189
5220702532
5222367747
5225505463
5225692317
5227402728
5228247593
5231527793
5234633880
5235585990
5235824931
5237408065
5241080863
5241719993
5244417037
5246750623
5250615889
5252142768
5257684743
5261339941
5262732672
5268825788
5273395656
5275034790
5275041232
5275721374
5280312735
5295623438
5299505537
5304416184
5306826098
5307094222
5307966459
5314009141
5315940290
5318657557
5321059748
5321372777
5327892743
5331347560
5334487976
5336246945
5336307452
5337340637
5343137904
5346615238
5351330513
5354117015
5355061166
5360674569
5371655887
5378360623
5390124744
5399573990
5402171784
5402994408
5403067919
5403772648
5407621095
5410099143
5410394054
5413041651
5413890506
5414084381
5415213497
5420829736
5429228629
5429754772
5430820142
5432466749
5433326671
5439068678
5440865955
5442731563
5444593381
5461822893
5463001205
5463345394
5468917834
5472232010
5473904777
5476435869
5487771239
5487786513
5491323786
5492161400
5494796463
5494884910
5495515519
5506217785
5507274196
5512318983
5514030159
5515346851
5518162529
5526910624
5529199195
5529980623
5531674221
5534344621
5538934556
5540116365
5542686617
5543337898
5544932001
5545247554
5549402092
5551242194
5551550079
5552601428
5554686801
5559648066
5560232355
5561314556
5562901596
5565143437
5570706757
5572355382
5580623737
5581582256
5584441027
5586109088
5588382039
5593807140
5593910010
5595769164
5601726476
5602570333
5618695864
5618707754
5634715606
5639624502
5641270655
5646871767
5652690815
5653180075
5657206481
5662305133
5662902971
5664923418
5667396154
5668056015
5668476494
5671501866
5672285977
5672498418
5672742518
5674547874
5676486012
5679109581
5680549446
5682116915
5682321709
5683085134
5684579492
5687458541
5689209323
5692524185
5692639008
5693530374
5697284555
5702130273
5706401248
5712153086
5716066898
5729944993
5734059788
5734133661
5737856176
5739336892
5742235976
5747509132
5749956936
5753468189
5757975995
5758073946
5758856292
5759819813
5761557184
5764162666
5764176608
5770794806
5770931838
5773999923
5774832726
5775897307
5777186218
5777958070
5778107532
5779366658
5779835256
5782892090
5784785508
5787657620
5797904267
5802723784
5805040753
5805246666
5806009253
5808323162
5808800650
5809395644
5809777968
5813134375
5814164268
5814964174
5817397381
5817991239
5818668292
5829739447
5830012863
5833030276
5834777342
5840336352
5847599446
5851897221
5852746896
5855534025
5857106462
5857717864
5858885768
5858986677
5859160307
5859876565
5862875563
5863198646
5863400556
5870954972
5872744692
5877033238
5878763296
5879588421
5880777427
5882054759
5883899579
5887159949
5890178628
5892424167
5896919758
5905320261
5905449394
5914641277
5914675493
5915669399
5917457839
5918108794
5918657251
5920980166
5923379830
5925915160
5928888090
5936099745
5941404090
5946319159
5947310865
5948538844
5950170383
5953066517
5955600927
5956688931
5961312306
5965158504
5966340748
5969894942
5970920168
5971059464
5974366875
5975280723
5979401912
5984294781
5984428849
5984746425
5989843403
5992021639
5998949296
5999950986
6000152092
6001397900
6007156301
6009019821
6010031443
6011143062
6013728732
6014545065
6015081523
6018015206
6018829311
6023704839
6024688468
6026540088
6029147158
6033903372
6034091071
6036648821
6042696512
6049731678
6049766592
6049926531
6052418019
6054735124
6064408802
6065488073
6066416761
6071497141
6075626467
6076196205
6081333804
6084713362
6086376799
6088988424
6089563795
6089795862
6090574850
6092006420
6092850787
6095590066
6097700844
6099171920
6101196475
6103828522
6104004854
6105230586
6105712255
6106590131
6106744090
6108090838
6109290278
6113822068
6117029830
6117944297
6118067558
6119934872
6125689453
6127088987
6127555997
6130625102
6140026956
6141454439
6142120343
6146873032
6150003292
6151465755
6152393314
6156623671
6157500152
6158159623
6158396840
6160018495
6161056867
6161430934
6163377324
6165962591
6167138097
6167349955
6169628276
6172446495
6176113280
6181028247
6182242999
6186959029
6190716563
6195235123
6199013120
6200842399
6203058834
6204606618
6207569236
6209629687
6209730819
6211215229
6212890168
6217918924
6222180620
6222931462
6222950478
6225178154
6227142419
6227840610
6228614320
6229245326
6229428181
6229651161
6233972293
6234892178
6243727848
6245408361
6247084488
6249283246
6251140786
6253077003
6253825368
6254129074
6256357554
6258068022
6262386406
6263281655
6264394628
6265034208
6266489635
6270176808
6272410772
6274554907
6280340674
6281999654
6285908616
6289007620
6292107329
6293189068
6300527008
6300742463
6301881375
6301932067
6305628212
6308201084
6312595245
6315617517
6317235034
6322595574
6327015422
6339585759
6344150158
6344545244
6347186563
6351493911
6355595087
6355886684
6357844070
6359454694
6361914378
6362305001
6362481992
6366764004
6367286753
6368269765
6370753398
6376515812
6377918684
6387728471
6388804134
6390707575
6394002937
6395294436
6395398553
6396449855
6403111039
6405291960
6406028131
6409661152
6410541523
6413077957
6413997587
6414319289
6418313223
6429326033
6436129620
6437969503
6453324212
6458073025
6461936999
6465463273
6472358370
6472555925
6475571189
6476440963
6478644075
6486194601
6488463502
6490532719
6493786130
6495456307
6499151029
6501690570
6501839137
6502871178
6515000756
6519447555
6522548493
6529947754
6538361948
6539285226
6544853955
6547171358
6548428671
6551386348
6553537807
6555601609
6562067684
6566438833
6568736564
6572300919
6575533628
6585567594
6590759071
6594213513
6598967507
6601049059
6604450588
6606470364
6610525247
6611510185
6614375153
6615706338
6615778974
6620435542
6622164028
6623764362
6625812114
6632922404
6635082745
6639052864
6640752953
6649245607
6651704294
6654369243
6654449346
6656162821
6656355158
6659185215
6660298160
6661812235
6662457614
6664837997
6665971645
6668468838
6675412829
6685363587
6685798293
6687645603
6689793431
6696818140
6697370633
6701753640
6705272285
6706208071
6713745043
6714557682
6714938897
6716822809
6723392643
6725658447
6732330599
6738615092
6742113012
6743802917
6745351706
6746149949
6747923333
6749879737
6752999629
6753950974
6754138391
6756013237
6762374544
6762382080
6763960603
6766354587
6768462615
6771143069
6776696967
6781530651
6782846176
6783078911
6787339112
6789731740
6793919611
6804617427
6805717532
6808220485
6808306848
6809519530
6811846434
6812105294
6815317404
6815689515
6817285121
6823357746
6824720529
6824903405
6829082528
6836909131
6838003519
6839607379
6840607117
6848981380
6849870338
6852418129
6853135783
6853709526
6854649830
6862334818
6863098770
6864703816
6865873930
6872684036
6874501028
6876989206
6879009164
6880393218
6881342477
6883856991
6884875136
6885250632
6885300982
6891068980
6893760443
6901873646
6903552317
6907038404
6907340998
6922659964
6926707043
6930533452
6932676070
6937432184
6939623301
6942584900
6943238605
6953061677
6954583197
6956109124
6957299531
6961620016
6962946038
6966082852
6968182808
6969096447
6969122073
6970151804
6971984269
6973086028
6975585937
6976252167
6976976696
6978685219
6980044987
6981079236
6981306616
6981332619
6981480391
6982309480
6982927444
6987634893
6987703935
6992086330
6994095962
6998805421
7000513815
7001168933
7001262970
7007111246
7009015867
7016284758
7017089321
7017650466
7018034682
7019595607
7020628289
7021064492
7024731653
7025101733
7029727200
7030229809
7031199135
7031380128
7034530782
7034877405
7035444047
7036485043
7041475574
7041760373
7044819750
7048098838
7048733172
7060419770
7068441491
7070813898
7076084053
7077211329
7078587112
7079165475
7085421061
7089474292
7091525642
7093726126
7094888025
7097425156
7101537502
7107453728
7108756564
7110040944
7112384735
7112729349
7113722298
7120047659
7127771311
7130534058
7132200427
7133450667
7134643100
7136969358
7139469736
7147104072
7147133000
7150717491
7151407952
7152595454
7155583549
7157877951
7158098325
7159203369
7160069760
7163202963
7168629457
7172040951
7176447826
7177220832
7177464812
7178150336
7178762491
7181142818
7187769541
7188050314
7189225967
7195886610
7196554784
7198915582
7200167321
7203106571
7204055739
7217438694
7218970257
7220086992
7231114199
7232361949
7234331092
7236544922
7245295218
7246521510
7249721293
7252645588
7256377716
7257517690
7259674482
7260164302
7264845644
7272993603
7275928914
7280951457
7281149455
7281636769
7290609246
7294386747
7306038707
7310049862
7316947245
7322414327
7325690784
7329509220
7331406260
7332104779
7332829751
7334071675
7336494287
7337297557
7337788552
7340952129
7342044363
7342242081
7342257110
7342279577
7343232020
7346530081
7349459799
7351331102
7351936570
7353409708
7357922019
7360607124
7360959755
7363660260
7364488136
7365798961
7375211228
7380912889
7382189848
7384578808
7385578090
7387923424
7388390998
7388561949
7388616709
7393450872
7396215441
7397279329
7399485836
7400579578
7404461760
7410664272
7410713473
7413019347
7416682621
7419521639
7420121144
7427400862
7430629379
7435324008
7435338144
7436923205
7448893254
7456933936
7457201808
7460603295
7461068805
7465925076
7467953497
7468229486
7473768095
7474768769
7476309827
7476973490
7479155438
7480740942
7483163750
7483387828
7487561603
7491972514
7493026367
7493594457
7495322071
7499307141
7502661140
7507346618
7510603789
7510666221
7511564659
7513516448
7517076538
7517474627
7524245588
7527937279
7532969319
7543231562
7544150772
7550815946
7553251390
7553413346
7554897263
7555613431
7556551463
7557962504
7558017856
7561490994
7566796587
7568316649
7577580125
7578453598
7580049926
7580677650
7581720886
7583251614
7589589604
7593268299
7593916282
7595053851
7597767033
7598439410
7604999349
7605489313
7607680160
7608298346
7609410824
7611065966
7614418882
7614781525
7621557586
7627099133
7629642708
7630278247
7636356256
7636759762
7640743568
7642688778
7643069472
7643237614
7644835256
7645637307
7647453376
7662501116
7663614226
7664593936
7665708884
7667156593
7667526305
7667646926
7667906198
7677818011
7678259584
7678706151
7686212275
7695600829
7696471408
7696494477
7704811374
7713767009
7714512080
7716605563
7717661351
7718129637
7718300012
7722378214
7725011055
7730560855
7732184929
7734922507
7736446484
7738203899
7738229521
7739370896
7751024606
7757261664
7759979172
7760056777
7760309139
7763628230
7764311446
7770489563
7770577240
7773949896
7773949680
7778981600
7779570500
7783357147
7784474771
7786112530
7787514938
7800237538
7804988991
7809520109
7811599552
7815771489
7818185631
7819622322
7819663697
7824183090
7824608286
7828446943
7831496942
7838055835
7840604735
7843346532
7846053466
7848103480
7850498123
7850503299
7858779978
7859258407
7859843161
7861134705
7864973146
7866282243
7869705835
7869866587
7875292050
7876967378
7881592360
7892870477
7893023993
7893346888
7894787191
7895348424
7899301529
7906857335
7909006658
7910081655
7910317738
7913777285
7924159610
7924333205
7925717025
7931495004
7936354609
7941162985
7941311523
7941583919
7943302879
7946689914
7949546717
7953027612
7962810248
7964023048
7964682327
7965611804
7968025904
7969342524
7970991144
7973692862
7974234859
7975320228
7978395469
7982509998
7984045627
7987328681
7988646012
8004696377
8006855095
8010662834
8013589323
8019960807
8025403409
8026481625
8041081733
8046007407
8047062134
8051504277
8057119380
8059321205
8059632818
8062230095
8065825306
8067948811
8071504479
8074610120
8079826031
8080232065
8080944716
8084437742
8085255994
8087641558
8088035397
8090386604
8097492047
8101674483
8104166723
8106982121
8107509508
8108693755
8109483806
8110329470
8112388862
8112699314
8114973233
8117474261
8118962799
8120001383
8126908364
8129249724
8129999493
8131697870
8136028478
8141435560
8146237404
8147593707
8151670369
8152772103
8157321739
8158652411
8159825909
8160105365
8160590369
8167794326
8170919309
8179046342
8179098468
8180786969
8181400925
8181523419
8187438301
8188211039
8190352476
8190907821
8193834487
8195493429
8197413947
8205166493
8207268395
8207531757
8210192015
8213492277
8214779756
8216851949
8218332006
8220122153
8224590740
8228179254
8228658834
8229638581
8230392302
8232311669
8232675737
8239287984
8241884409
8243645671
8251794898
8251866017
8254967439
8256582850
8259511756
8266165236
8266715319
8266760051
8268679992
8268825843
8268890544
8270691694
8272288396
8275497197
8277010727
8278030130
8283504418
8286575572
8286870393
8287215226
8290293005
8290941347
8293566423
8297794639
8303675498
8307147264
8307235869
8308363515
8309231021
8309353664
8321083810
8322233350
8322463619
8322850537
8324848826
8325258433
8328398888
8332991301
8334250563
8334879397
8336830513
8337516229
8338055134
8338694359
8340529219
8340671700
8341213834
8343037596
8343527450
8355029718
8356788203
8362784515
8363868057
8369122596
8370610003
8371572918
8371635588
8372410983
8375982532
8378164837
8382635782
8387785029
8399173360
8400239298
8402761583
8406155026
8409406478
8409532417
8410666141
8411200935
8413361790
8415553116
8416959211
8417247614
8421495142
8422165987
8430215364
8430312274
8438255954
8439968102
8440515302
8443207441
8446629092
8449813228
8451283615
8455375314
8457883740
8460462189
8460539399
8462463155
8463203966
8470031427
8472723925
8474332281
8476579089
8477516541
8480622241
8481057747
8482545603
8486303075
8487600082
8488820180
8490105801
8491209435
8494742168
8496878852
8497133906
8498165002
8498956528
8501018631
8516217191
8517035112
8521895016
8529019153
8532332361
8532871887
8536779112
8539627255
8540098646
8543287985
8545147977
8547713478
8548792216
8550104927
8553763543
8557242434
8557946783
8558032373
8560812330
8566327003
8571048342
8571321756
8573132005
8580095501
8581068994
8581937219
8582261409
8583749251
8584505696
8592014480
8594564683
8594981136
8597459413
8598085440
8603512916
8604489163
8606715157
8607486812
8607542071
8609589591
8611457397
8618099191
8619758660
8619869044
8620492001
8620627947
8622430793
8624018188
8632596329
8636653610
8644751589
8648816336
8649692829
8653434030
8656246806
8656696118
8660707905
8664466291
8666364122
8669563489
8670893400
8674409858
8675363621
8675725891
8677726505
8679071788
8682408188
8687935416
8688197056
8690113883
8691375452
8692820541
8696218745
8696587923
8696873242
8697563900
8698870647
8699013229
8707524949
8708047104
8711611447
8715844322
8718642116
8719826864
8721311609
8721699856
8722012246
8724223982
8727468481
8727954077
8729246027
8730858062
8731365454
8732843399
8734730054
8735376573
8737786947
8738152194
8746707710
8747877736
8752235941
8758449226
8762692523
8765103943
8771089339
8779832810
8780793425
8782582479
8784485841
8789249346
8791650799
8792566515
8803880967
8805870961
8806559034
8812221798
8812993342
8813867396
8815608950
8816076465
8819304394
8820087061
8822582933
8823402721
8825000775
8828374949
8829736359
8832387400
8834048298
8835677709
8837721045
8841899930
8848031191
8848496743
8852319726
8853294090
8856720173
8856757413
8863408947
8863690633
8865346033
8866209003
8867614478
8869246685
8870639815
8871352399
8873740911
8877083345
8877141175
8883030555
8888918749
8891055167
8891058093
8896999355
8898329118
8903691695
8908781938
8910576083
8911048694
8914999181
8917207457
8921441605
8921941218
8924503521
8928990581
8938663595
8938753819
8939741084
8944809139
8948809225
8953986835
8957522992
8958742589
8960074773
8962555175
8963143725
8967816247
8968317109
8969619091
8975876636
8976651496
8980010040
8981347296
8983665750
8984602731
8985230701
8985849454
8993956949
8998811609
9001857360
9008513418
9012393126
9014039411
9016612584
9017315691
9018754685
9019447694
9021219673
9021378859
9028528609
9030035314
9037345111
9038214545
9039755035
9040040864
9045234735
9048287524
9050261582
9053972717
9057745029
9060612660
9061431281
9061791580
9064203321
9064609300
9064973897
9070537623
9070716477
9072364863
9077278166
9079257301
9079369710
9079783530
9080072381
9080534307
9083497473
9087904430
9096496668
9098113618
9098959701
9103733973
9110454295
9110760650
9110896335
9127412183
9129421874
9132840424
9137242078
9138410265
9140280778
9145328855
9148310128
9151049704
9151110971
9154394064
9157288910
9159903187
9160311232
9160461888
9161435198
9167429539
9175819982
9175960987
9176329760
9176755349
9179772629
9181657061
9181959934
9184668503
9185296932
9193604855
9195629960
9197269553
9203351789
9203900419
9205918191
9207398909
9213546928
9214558169
9214578815
9219530700
9223085635
9226908400
9229809672
9232698047
9232863216
9233982486
9235686999
9235897028
9236238327
9237089367
9238730219
9244254801
9252074884
9252139713
9252822956
9261163635
9270217136
9270440567
9272755753
9273133854
9274972277
9276323759
9278002364
9280765099
9281290010
9283686056
9300137389
9302623013
9304294932
9312093984
9313464504
9314123432
9320127889
9325285137
9327240478
9330669529
9332937944
9333174683
9337432878
9340899782
9345839922
9353104259
9354821103
9359071141
9359323555
9360945321
9362454871
9364632001
9366765487
9369616629
9381285753
9382167554
9385198502
9385367981
9386341256
9387275209
9390216963
9394898216
9395578249
9398101266
9401890015
9402974994
9403505839
9407796283
9410675839
9412132646
9413315112
9413562281
9414075225
9415836473
9417590424
9418831288
9421120716
9429863632
9430374888
9435017084
9437210727
9437817534
9438004668
9450153701
9452826576
9455176012
9458624386
9459409661
9463801082
9466302925
9481074095
9483638660
9485789827
9489035091
9489154720
9490301199
9490330760
9490415281
9490890923
9500993363
9506169227
9509909064
9510030454
9515228310
9515754976
9516798644
9518912082
9519896730
9520233608
9521111514
9521672430
9525936454
9535433566
9535849788
9536948832
9542498444
9552293845
9557551867
9572548707
9574516964
9578458107
9581450745
9583911517
9587162520
9587646836
9589733520
9593051608
9593705249
9598490316
9601267139
9603658149
9605417739
9606021362
9616128333
9617852742
9624248838
9625679770
9626157573
9635675788
9636318343
9654875455
9656642350
9657329182
9657411636
9657580154
9659833667
9661357821
9662357710
9662379009
9668747368
9672498982
9677014128
9679408646
9682391204
9684358045
9687875808
9689080063
9691653693
9698220327
9698850939
9699838065
9702230883
9705000289
9705587461
9711340790
9713182828
9719272282
9719896955
9720239152
9724579823
9726408797
9727269390
9728508518
9728964879
9732396130
9737292441
9742621774
9743293628
9749030678
9756202473
9758539493
9760060922
9762532258
9763377833
9764851494
9772093994
9773207832
9778096029
9779520856
9781239225
9789156834
9789774515
9791514070
9791724121
9792080508
9801531096
9801864534
9804441618
9805615469
9808817850
9809551130
9810901758
9814562582
9816132658
9818100154
9821105921
9822984348
9824267147
9825195429
9830315309
9830593531
9831562365
9833843699
9835007371
9838731598
9840205963
9840756468
9844771893
9847779766
9848740950
9849783715
9853835174
9853974334
9855425336
9857959000
9857979860
9858366555
9865319362
9870527524
9870995690
9881785321
9883656849
9885438291
9886843808
9886959940
9889438195
9890604050
9890706492
9897228573
9899283567
9899797517
9902252592
9903422788
9908754958
9910947794
9913662833
9917898408
9918487724
9919015107
9927822981
9932736171
9937979962
9938087676
9946236271
9950778123
9954011303
9955916800
9961250513
9964010489
9968711774
9969477001
9971216901
9972294959
9976770718
9977956951
9979134429
9979210666
9985611330
9986866860
9992630262
9995473988
9998736866
10000886276
10001012962
10004371346
10008780216
10013559868
10016841039
10021358392
10024530936
10034221047
10037258534
10041386264
10043773875
10046113749
10050594374
10051000750
10061589923
10061997267
10066183236
10069247037
10069405905
10071233791
10077114761
10081153921
10083490953
10085503079
10086092087
10094725424
10098688766
10099503694
10105379834
10116200260
10121167268
10131497562
10140299609
10140629711
10144359738
10147136999
10147401471
10149053988
10152050404
10155360823
10157309970
10158226572
10162573667
10162738852
10169315621
10169783177
10170406590
10171678096
10173926213
10174556418
10174638821
10177830219
10178599192
10191774114
10194305587
10195726713
10207349790
10208573411
10210738035
10212907940
10213253821
10214707225
10214770840
10219036846
10220937600
10228529148
10236060532
10237647399
10238049917
10241751426
10243083697
10247728843
10249419037
10250198410
10255618044
10256433669
10256859464
10260037015
10262239839
10262698871
10264739296
10267347018
10267928898
10269854903
10271696799
10272819810
10274402630
10278429091
10283193596
10284957206
10286447396
10286666589
10287506325
10288621445
10293757836
10298533599
10299899627
10302635657
10305573218
10309239221
10312880638
10315124560
10315410059
10319177307
10321226886
10323611346
10324159931
10326121805
10331049239
10333568627
10335773837
10347142201
10349679538
10353863151
10355066947
10359491169
10359568729
10360677009
10361054517
10361169239
10361315873
10363797209
10371443365
10376279121
10377178105
10378068466
10378319975
10378871346
10379233424
10379310028
10379715516
10380307258
10383429896
10383821394
10386557437
10391265146
10391562632
10393016552
10396628838
10396807025
10398841387
10400713169
10404292407
10406043819
10417076052
10419656234
10421175498
10424807433
10426710028
10427297949
10428306743
10432812071
10434200192
10443768878
10444072666
10445529800
10449780545
10454046793
10454382264
10458254502
10462979723
10464819526
10471536754
10473591889
10475466715
10478714433
10479015845
10481005620
10483643898
10486806694
10487166259
10487819764
10490456054
10492137270
10493598416
10500961541
10501514785
10503294236
10503595952
10504575260
10504806711
10507491774
10509085996
10512952039
10513131494
10513170380
10519316439
10522233183
10531203429
10540243900
10543056910
10544372658
10544976727
10545769503
10549408375
10550135686
10550432681
10551463137
10552874337
10556670708
10556939307
10562664696
10566239856
10571029551
10571432120
10572494969
10572519388
10575732067
10575862840
10577507073
10578673689
10584198450
10589770662
10592384050
10594248350
10595816702
10600814774
10601278768
10602169083
10611703179
10612955104
10615474866
10616798968
10618575674
10623817428
10624529420
10633308336
10636329652
10639428034
10653671773
10664727066
10666068460
10666941280
10668993100
10669882902
10670482684
10672433606
10677244999
10678639319
10680216369
10689216914
10689950205
10690959746
10691517508
10691916094
10695077294
10697245679
10700741656
10703113981
10704708701
10708087862
10711809534
10712518598
10712620856
10713943147
10714972522
10715759142
10716611284
10720183300
10723863925
10725487192
10727998181
10729414574
10730957032
10732027135
10739064535
10751337175
10751414409
10752531325
10754967645
10756531734
10758149817
10769391664
10771985421
10775605221
10776572853
10778514844
10780443313
10782778229
10789301543
10789433864
10790136625
10793059591
10801183577
10803061280
10804692581
10806839450
10809247528
10810132238
10810897310
10814006411
10820536528
10821140131
10821403622
10821912915
10823333042
10826345488
10828445652
10832904192
10833347246
10835300807
10835548329
10837561227
10839082612
10843381469
10844255400
10847485197
10853354168
10857155067
10860363897
10860931493
10861327485
10870496753
10872714910
10876294714
10882397133
10890968971
10894592511
10899446220
10900684986
10900938826
10909324597
10910406602
10914778348
10924016716
10926772641
10927617788
10928746643
10930938453
10932336294
10940301966
10940328445
10942093688
10950424967
10953199990
10958107658
10960557339
10961218094
10964961707
10965444295
10967204493
10972782821
10980179384
10984257406
10986201569
10990740980
10994053848
10994665720
10995343158
10995560799
10996588177
11002083879
11002294983
11002634807
11007157972
11017172071
11017990385
11021110406
11022957537
11024289866
11028146814
11029524035
11031009223
11031490830
11032205206
11034508997
11039688572
11041363805
11047894169
11053105490
11054491771
11057545473
11057645225
11060087391
11060703113
11064792234
11065205378
11066745186
11068123552
11072790405
11074351527
11074442580
11076578351
11078989731
11080878801
11085663045
11086334587
11086484977
11089945988
11090507670
11091793227
11097066939
11097404140
11097462896
11100308300
11105571501
11111851215
11117312933
11117902740
11127445291
11128862405
11128982931
11130030124
11133156955
11136401328
11137412609
11138180710
11138462672
11144490131
11145865031
11148739268
11149613010
11150124940
11155467193
11155514029
11155569649
11156875396
11163180899
11168503760
11169576840
11173574002
11194296531
11198441268
11199768277
11204629872
11206503291
11210931541
11212954819
11214180680
11216791713
11219579952
11224074038
11224636531
11228126774
11242650062
11246297968
11254253212
11254494840
11256484448
11257550821
11258268601
11259299114
11262980536
11265387005
11267808822
11268936315
11269204264
11272688259
11273109794
11275218775
11275935447
11276112462
11279019633
11282600256
11284175028
11284266916
11285526919
11286666367
11291296197
11292777340
11295450478
11298273880
11298451583
11302248069
11302451162
11303486894
11303888990
11304266746
11308618986
11309513334
11310517322
11310668164
11313938464
11316703956
11319630344
11319800190
11320735323
11324379872
11329234893
11330825479
11332425647
11334564265
11338580682
11338891546
11346366824
11347964948
11349863992
11352508997
11354251435
11358307001
11358334042
11358393109
11358688647
11359592507
11360804813
11362457433
11363060997
11363504889
11367684422
11367907584
11370507749
11371147813
11373847156
11374342388
11377604889
11379476466
11386327121
11388892242
11389087780
11398025583
11402183907
11402276575
11405064186
11406423813
11406863498
11410408265
11410953082
11413344792
11413497287
11415997865
11416818024
11417832251
11418677618
11428479854
11430709159
11431739885
11434063513
11434843144
11437281066
11440461760
11443774395
11444167458
11448173494
11452246199
11454279005
11455997208
11456773642
11456783565
11466277554
11467844084
11468797179
11472416957
11478180795
11489547632
11502803410
11507700344
11508023603
11512741649
11523804060
11524257998
11534265362
11536077690
11536490456
11539425804
11543510486
11544572024
11552616481
11554156034
11554930990
11561450281
11561920873
11566357290
11569200881
11575122081
11577242541
11580423498
11580622926
11581868906
11587944192
11596605607
11598560657
11602403727
11608528660
11609230376
11614212288
11614841446
11615286796
11615687414
11616621962
11617799273
11617845253
11619471019
11620305926
11624702406
11625033328
11625113871
11627097122
11628216309
11629610357
11632134493
11633250586
11634527253
11636177354
11639149868
11640921794
11643011551
11647541470
11647799469
11650517561
11651436640
11652999167
11653435067
11654190894
11657133750
11657856037
11661007605
11661222932
11663594654
11663961295
11665160291
11667686535
11668236856
11670065193
11674601182
11681367419
11681876121
11683445528
11684845256
11684916553
11686448475
11694835432
11696007092
11697061608
11698058572
11699183645
11700928319
11701781729
11703821084
11706704988
11713355734
11717669887
11722487231
11723472464
11726261619
11728437553
11729311992
11730392200
11737140244
11740429402
11741790461
11744548634
11744822006
11745366253
11746865542
11747672204
11750325347
11750853213
11753573299
11756769743
11757698020
11758299595
11759949656
11762017623
11768466990
11770643555
11771646581
11771667608
11772381768
11772833702
11778059664
11779184896
11781986997
11784546295
11785902417
11786772491
11786869682
11787107523
11787383520
11787968099
11789788749
11794550020
11796868481
11806959212
11810703138
11813099523
11816707053
11816813213
11820104995
11821436125
11822533121
11822893851
11825207410
11829731145
11831825727
11834926168
11839157501
11840159192
11842687778
11843204423
11844217173
11845728442
11846373056
11854109438
11854321731
11854877882
11855011594
11857020261
11858293169
11858657545
11858886754
11860289641
11860330122
11864671835
11866536583
11866642040
11870916370
11872838950
11878416695
11883095779
11885318479
11888726126
11890982937
11891435391
11893455108
11896295065
11898487429
11899329593
11902785043
11903849711
11909489030
11912079085
11916346745
11922880314
11927380449
11929169225
11932980655
11934085591
11936070102
11936356523
11937125334
11937262224
11938614010
11943752554
11943759001
11948290644
11953554534
11954843502
11962870069
11966279933
11976495979
11984013365
11984429359
11993976661
11995102883
11999881493
12004685878
12019749170
12021957268
12026820899
12031865870
12032252188
12035929235
12044101548
12046765960
12052492821
12057939082
12062578055
12062797798
12064607982
12066261953
12069529591
12070417490
12072058607
12073831000
12074398334
12076813367
12083679529
12089706205
12091320707
12095752305
12097524581
12097635587
12101517236
12104230201
12115417792
12116510225
12116659536
12117662129
12118003566
12120810361
12124903871
12130524677
12134629286
12140096744
12142207339
12142912768
12149557225
12151363381
12153609282
12157285973
12158002773
12158921885
12159588440
12162053275
12162141097
12165157975
12171874028
12178966731
12182082420
12187039577
12189524065
12190575299
12196276816
12197972765
12199119013
12199424902
12203693104
12205046851
12206285627
12206350649
12207232900
12208632880
12209263621
12212424635
12214457948
12214629784
12218209529
12218662634
12221972576
12223084704
12225306955
12227083297
12232029851
12233916549
12238087191
12238639090
12241905430
12246413127
12246787567
12247721895
12248932488
12250031375
12260018134
12260155590
12260216802
12260359726
12260979941
12264805985
12265007737
12265940789
12269819246
12270333244
12274068447
12276694735
12276877697
12276928670
12281817736
12284711463
12285800663
12285938908
12286657470
12289660103
12292421521
12300873197
12306448682
12309188147
12309621830
12310933912
12313808175
12314047634
12318611690
12320722844
12322633540
12324870425
12325473732
12328368060
12339078441
12347589800
12347685097
12348711053
12351366258
12354960799
12358144704
12359687359
12365062289
12366565848
12369796403
12370829457
12375828628
12377493488
12380343201
12385320278
12386142976
12387731470
12391565782
12396479350
12396758919
12397090449
12398265248
12400376416
12400844824
12402429204
12406948265
12410735819
12414703779
12414983969
12418813764
12425933063
12426772904
12428197914
12430954183
12435428488
12437230265
12442341042
12442839625
12443204496
12444110958
12445700704
12446808897
12448812598
12449815661
12452200320
12452630804
12453159997
12461928609
12471240188
12472713555
12476328407
12477866595
12482230666
12489420795
12495601543
12496371788
12498639184
12505168587
12508656949
12513421833
12515072404
12517438398
12518600812
12518634358
12527017780
12529638095
12536947821
12538631918
12538815710
12545770846
12550315888
12558225988
12561539193
12564201345
12569193280
12570892241
12573064020
12575936646
12579360382
12580394366
12583648426
12588850167
12591965155
12592510111
12597611793
12598028478
12601068842
12603883988
12603894190
12604368949
12609832899
12614623420
12616244647
12617075916
12618434194
12620471354
12623000005
12627448398
12629057615
12637229711
12637882712
12640234439
12647116658
12649063898
12650397236
12651206337
12653847235
12665910158
12666212287
12668062035
12668892427
12670675506
12671202214
12673823096
12677426738
12677618711
12677874940
12678218179
12678394419
12678711218
12678953186
12681440000
12691173513
12691935139
12692394084
12692511882
12698622601
12698696023
12699384547
12704509930
12706009009
12707262940
12713604251
12716759285
12719796173
12721503739
12721780792
12724562468
12725715652
12729512666
12732299807
12733381740
12736615472
12736686984
12738094046
12739698266
12743389872
12745628895
12746516285
12747351227
12748249156
12748886108
12771485382
12777989884
12779151359
12780563239
12792793121
12793022794
12799668441
12802280765
12803049826
12804524839
12806525841
12807454096
12807602047
12807825851
12819985456
12824917085
12825205029
12825331259
12835769391
12836070394
12836593452
12840433254
12841923098
12846023588
12846283981
12846623216
12848428457
12849474083
12855235008
12859354511
12859720609
12861208187
12861300016
12861900527
12865559637
12865657945
12870175368
12874624202
12875161573
12877370832
12879067948
12884046024
12894713787
12898355285
12901983557
12903327037
12907555219
12907898936
12909148608
12910966557
12911006884
12912322006
12913798019
12913924218
12914091060
12916618406
12916847641
12923072236
12925845080
12928597433
12929021371
12935481269
12936137419
12936284478
12941497942
12941817286
12949531866
12952163006
12955535971
12961717181
12964197593
12964507264
12964581482
12969123294
12970395739
12971049721
12972202992
12976932059
12981893185
12982931955
12987507496
12989494985
12995246609
12996197352
12996451977
12996667842
12998011938
12998024803
13001641891
13004291349
13006430372
13010399665
13011548313
13014713520
13019510514
13021467885
13021679038
13021790428
13023485270
13023662263
13024751498
13026532247
13027872494
13031022640
13031328804
13033876306
13035751168
13038769004
13039268524
13040466258
13041140572
13042635673
13046069624
13048494365
13052259882
13053916200
13058256604
13058847905
13058950976
13064425591
13065421858
13069997233
13071506456
13072470934
13072801675
13074016783
13074570615
13077921133
13078005798
13080006862
13083270108
13083735047
13084876850
13087032523
13087363391
13087406933
13090528046
13092346515
13092960399
13099419229
13102002168
13102445283
13103233340
13110360369
13110573109
13113040695
13115266793
13117704168
13119046808
13119362896
13120364359
13123024853
13124256058
13129460856
13130244248
13135541856
13136125680
13137577851
13138221468
13138635340
13139835377
13141316699
13146582094
13147339157
13149169188
13149626263
13153545539
13155427882
13157696284
13158493786
13161511886
13163087866
13163104890
13164097274
13164210312
13164318890
13164661606
13165373414
13167854108
13170457651
13184063362
13184429966
13187696104
13190941666
13191487132
13202882603
13204383755
13205451143
13207156990
13212713915
13212921062
13216964804
13216984290
13217579616
13220037676
13220061522
13221083378
13229156027
13232435684
13235215774
13237839281
13238846696
13240489619
13244006211
13246469961
13247074191
13249686870
13249839070
13250492466
13256349663
13256607097
13258786535
13274866816
13275563551
13278309677
13279003488
13280705381
13281252892
13291013692
13293951118
13302371466
13303313210
13306170963
13311865335
13311899622
13312342212
13317135597
13324039763
13326491843
13330173719
13332660685
13334837561
13339440952
13342349907
13342382958
13342821186
13351944203
13355318686
13358911603
13366794736
13369461465
13370804307
13373737200
13374348482
13375000576
13382143034
13383918127
13391474729
13392021946
13392774881
13393095452
13399225268
13401978782
13408051808
13409809487
13410922753
13411029279
13411517515
13417996192
13431357888
13431990858
13432222067
13434665962
13434942114
13439716488
13443137772
13447883036
13449966551
13453578243
13455787214
13456365766
13457380535
13460449644
13461499957
13461686338
13462668383
13465646671
13466500585
13466858447
13468903046
13469676933
13470720083
13472949963
13479060159
13481814299
13483258716
13484172758
13487157249
13487291468
13487664423
13488709446
13491507298
13498087384
13501921876
13504394381
13506059113
13506426281
13511178692
13517382857
13518402068
13518711482
13529703611
13530218433
13530801804
13530846540
13531740932
13533858982
13534325048
13535602143
13538119287
13541358656
13545144201
13546299835
13546984270
13547389749
13548955174
13550422839
13555451647
13559983727
13560519502
13561245635
13565171170
13566678436
13569931867
13571839237
13575626430
13577531439
13578901970
13579034389
13580548481
13580616983
13582577594
13587989220
13593204381
13595050775
13596136920
13597414877
13600507454
13604827812
13606087142
13607125625
13609286515
13611866002
13612244730
13612741333
13617254510
13620716449
13629978739
13633781442
13634838441
13635194400
13636012967
13643482714
13645364683
13646745781
13651832117
13652381028
13652887001
13654719356
13658219796
13658692413
13659900793
13662807220
13662892756
13663548017
13673005815
13675188441
13676056079
13677131959
13681920330
13685595725
13686097056
13686431051
13687125489
13692157836
13692463361
13704346997
13709411041
13713135786
13714965796
13716157577
13716712614
13719367536
13725038906
13727001386
13727577945
13727774603
13729044522
13733129969
13734454833
