#Version:  4.1.2
#MC:       1.21.3
#Large:    0
#Search:   0
#Progress: 1911248468
#Threads:  2
#ResStop:  0
#Mode48:   0
#HutQual:  0
#MonArea:  13028
#Cond: 16000000d0ffffffd0ffffff3000000030000000010000000000000000000000000000000000000000000000000000000000000000000000000000000000000000000000000000000000000000000000000000000000000000000000000000000000000000000000000000000000000000000000000000000000000000000400000000000000000000000000000000000000000000000000000000000000000000000000000000000000000000000000000000000100000000010000200000000000000000000000000000000000000000000080ffffff7f00000080ffffff7f00000080ffffff7f00000080ffffff7f00000080ffffff7f00000080ffffff7f00000080ffffff7f00000080ffffff7f00000080ffffff7f00000080ffffff7f00000080ffffff7f00000080ffffff7f00000000000000000000000000000000
#Cond: 42000000d0ffffffd0ffffff3000000030000000020000000100000000000000000000000000000000000000000000000000000000000000000000000000000000000000000000000000000000000000000000000000000000000000000000000000000000000000000000000800000000000000000000000000000000000400000000000000000000000000000000000000000000000000000000000000000000000000000000000000000000000000000000000000000000010000200000000000000000000000000000000000000000000080ffffff7f00000080ffffff7f00000080ffffff7f00000080ffffff7f00000080ffffff7f00000080ffffff7f00000080ffffff7f00000080ffffff7f00000080ffffff7f00000080ffffff7f00000080ffffff7f00000080ffffff7f00000000000000008fc2f53c3333733f
#Cond: 42000000d0ffffffd0ffffff30000000300000000300000001000000000000000000000000000000000000000000000000000000000000000000000000000000000000000000000000000000000000000000000000000000000000000000000000000000000000000000000000800000000000000000000000000000000004000000000000000000000000000000000000000000000000000000000000000000000000000000000000000000000000000000000000000000f0ffffff200000000000000000000000000000000000000000000080ffffff7f00000080ffffff7f00000080ffffff7f00000080ffffff7f00000080ffffff7f00000080ffffff7f00000080ffffff7f00000080ffffff7f00000080ffffff7f00000080ffffff7f00000080ffffff7f00000080ffffff7f00000000000000008fc2f53c3333733f
511904
1743641
2716180
3173235
5017694
6368363
12025130
12934744
13432890
13578110
16288748
22158049
22730610
22741250
24671483
26833907
27920195
29835603
31122286
31306974
32261559
32755604
33545775
34250977
35020181
37132029
37649895
37845466
38143781
38741372
38830468
39491211
39716036
39825626
41351663
41687368
43280482
47142386
49833577
50217740
50604910
51096976
51158164
53275192
53587666
53613247
55841909
56043040
57114065
58038092
58365530
59732247
62894926
63653655
63746576
64775042
66275899
69888722
70312570
71949884
75254252
76310334
76993437
77743247
80001702
83463059
85328227
87101140
89237700
91617642
91648451
91807637
94096832
97420276
97541005
99406263
99748488
100171207
101703099
101792756
105677484
105756084
106635885
106957759
112249113
113837868
114665672
115032026
115639532
119558102
120430018
121313433
121502073
122041263
122168305
123556750
124915096
125562057
126126503
128346948
128548805
128833734
129071575
130898215
132345475
132939050
133318359
134399686
134970746
137120038
137529652
138433452
138553447
139255390
140144979
140523206
142795133
144597396
145773999
145796998
146365633
146602803
146938126
151380615
151618622
151778231
154111335
155589856
156118927
157162070
159960596
160034085
164441254
166491958
166956155
167102963
167905928
169492880
170737131
171410790
172425115
174061518
175020219
175953324
176182402
176889370
177035597
179123059
179397902
180763260
180881640
182959221
182973495
184870238
185385816
185985750
186001715
187341449
187616582
188107654
188652967
191393148
194542739
196006676
196746907
198440207
199635211
200042988
202650973
203713495
204502361
207853465
210823975
213219507
214194778
216670101
217113813
218156417
220870555
221904355
222591910
225187808
225258948
225296079
228119525
228156784
231727024
232800133
235301119
235541978
239932004
240720007
240917083
243182761
245977138
247003312
248399540
248608179
249386655
252126977
253635678
253767540
255112403
258440257
260846430
260993546
263198927
267901092
268052865
269609384
269624312
272555073
275054368
275410106
276630235
278117618
279442880
280710642
281867410
283546756
283629687
284091930
284110817
284532664
285843223
288436157
288773704
292238003
294460975
294798281
296282739
296376430
297196892
297405163
302283584
304962720
307699178
307818141
310055424
311474124
312505949
313688148
313927094
314114938
317925522
318049643
318401990
319479528
319723597
320713909
321590332
322833799
325064250
326925649
331053057
331901236
333273534
334710789
339510331
339951893
342609596
344253468
344288750
345187117
347280604
349115335
351914782
353748928
355560529
355616166
356767166
357616680
358167831
359638688
364471623
366772378
366811248
368608674
369109016
370825502
372379629
374872064
375046604
376464977
377903816
379417370
380898090
381794313
382200982
382915830
383363417
383464459
385563170
386479854
389616877
389919177
393322041
398695750
399011420
399290476
400059209
400573119
402282200
402940001
403244261
404301566
409462231
409556534
414191669
415589065
418794221
419212830
421498044
423308668
427224119
427227551
428613975
428743118
432714493
437853417
438244354
441765176
441909031
441975461
443077564
444479199
447121857
447898361
448590672
452913353
456827277
459150752
461430936
463632814
467583193
469979454
471749678
471780464
472418849
472793221
473469749
474045957
474289580
475228895
475717830
476443994
476579443
476730081
482413963
483084433
487859124
489540214
496830202
499910457
500447901
500646985
502484769
505662768
507731262
508582230
509266097
509551633
509642932
509950324
510606615
514483189
515505088
516038221
516899444
517153851
517396338
519762477
521087964
522272380
525303267
527628245
529119873
530487463
531577881
531635504
532586262
534603901
535217630
535736098
537998608
542883254
544281075
544900360
547397079
547988672
549660494
551112364
552933012
553569614
554842370
556323602
558472599
559120206
559680406
559815476
561335392
562295338
562910488
563717835
564254311
564365276
564957628
565450867
566518601
566995015
567165588
567806485
569337287
571128653
574945326
576074963
578159528
578411012
579276141
580353273
580388119
580980017
588233311
590371668
591906985
593059834
593826222
593866391
595198200
600570977
601455191
601553930
601757275
603849922
604564711
605500015
605734168
606750014
607231955
607744945
610708668
612077191
613509708
617165430
618154658
619116757
620431545
622120450
626528874
627189518
627832846
631867499
635744150
635868132
636785686
638821971
639170383
639597430
646274382
646838739
648002303
648702456
648863611
649480702
649916390
654017401
654430111
658202488
659853936
663780746
667298177
670213786
672417472
673768070
675877466
676914276
677202795
677642827
682569117
684004935
684207256
686646407
686833968
690473982
691184279
691472403
691670520
693263501
694923344
695290814
695607502
695727247
700295441
702095230
704818164
705836851
705840499
706193014
708436262
708477159
711702699
712682959
713069869
714276206
715454239
716418948
716821889
718261206
720155989
720758799
721085644
721119559
722577145
725608758
731011594
733573872
734303617
734695134
734700123
735371398
736856368
737203092
739527438
742311618
742720704
742768548
743556481
744744191
746547106
747258187
748659194
748843771
748903861
749634961
749951003
753079047
753648521
756459943
758698378
759788660
764498558
766007341
768840363
769025744
773931022
774077310
775804722
779044614
780591675
780987534
782234357
786276332
788436173
789669568
789756698
790461303
790874014
791208219
793051270
796659171
796903506
799073232
800194454
801852269
802428798
802945790
804093815
805466652
806455775
806610525
810111389
810209288
810504829
815067474
816463040
819268575
819323548
820940311
821260600
821792381
822310634
824379209
825186828
826821093
828350424
829461450
830290871
830623080
831029749
833259961
836601500
838714933
839316237
841986710
842532964
842717347
847513166
850208343
852440142
853251687
854873871
855239733
855656528
857825579
858012689
859503248
861820025
862673371
864361297
865110070
865319456
865349232
867270838
868895556
869585236
871672670
872665169
874095405
876128325
876603327
877752353
878351638
878726554
881401928
883189531
884785075
884868151
885576153
885770071
885943151
887504005
887572039
889388208
890589167
891737011
892365505
895589793
895650830
896712334
899948878
901009182
901928254
902107832
902839742
904340968
904501649
908195472
911399547
915191343
915481866
916374354
916808680
918696147
919296275
921016468
922521287
924747523
927374681
929725044
929766654
929930376
930924616
931602061
932745156
932831047
935334580
936187718
936629616
938654514
938780608
939057709
940206696
940426906
942418180
942575892
943744679
945113781
945585764
946179140
946199900
946554330
952272367
955374839
955635867
956027529
956224067
958102248
961036639
962832637
964254463
964391437
965757766
967715982
968030330
970844005
971287141
972976446
980580710
980962419
980986142
982140880
983060535
983593400
984994235
990131710
994584260
996630257
996766997
997025263
998594098
998834158
999337848
1002708861
1002873917
1007102726
1007364545
1008023760
1009567912
1010043542
1012738751
1015805288
1018992420
1019231163
1019395291
1019422254
1020648720
1021192856
1023212133
1023801116
1024086430
1026812889
1027640061
1031092891
1034142174
1036916852
1037896243
1039888473
1039905940
1043888030
1044073654
1044711491
1045248657
1045485505
1046928664
1049274706
1049468773
1050687266
1052276663
1053246464
1053625333
1058153952
1059780305
1059838899
1061821424
1062197978
1063435644
1064894502
1066016469
1066946089
1067768903
1074646147
1076212712
1077860444
1078233400
1078614761
1080116709
1080709871
1080770788
1080784487
1081531442
1082820445
1082846658
1091843692
1093461106
1094177796
1094866429
1095421948
1097566924
1100040690
1100277147
1101412094
1101527982
1101779340
1102871662
1103799170
1105704265
1107613280
1110472481
1111305978
1113741302
1113815979
1116785108
1116950531
1118432001
1119490745
1121006595
1121197811
1122758816
1124621051
1125304628
1126932395
1127968138
1130643751
1133569902
1137805947
1140809980
1143517335
1144398990
1144461279
1145584783
1146523019
1149812470
1149896555
1151985926
1153134416
1156877844
1157430103
1158581559
1158584023
1160213930
1160583086
1161621933
1164468557
1165728312
1167244749
1169349282
1170333836
1170513825
1171433014
1176254361
1176722763
1178349807
1183019275
1187216888
1191952600
1192613207
1192614460
1192872619
1193359004
1195083733
1196148771
1197309843
1198719907
1199731092
1201173289
1201938593
1202775871
1202782056
1205494555
1207544958
1208951672
1209004485
1212508990
1213507806
1213742874
1215388136
1217714755
1218824433
1219746106
1220174753
1220841220
1221853439
1227823360
1228349235
1228457346
1234328650
1235563325
1236403651
1236445879
1237425339
1237667251
1239656613
1240493733
1241277745
1241688305
1242362474
1244894006
1245783211
1247024310
1248032474
1248263435
1249021544
1249163031
1249293221
1253526868
1255437334
1255442215
1255689211
1263196213
1264977433
1267050726
1270444760
1272204189
1278201658
1278547281
1278757296
1279785771
1280218671
1281720673
1283434684
1283953724
1285435240
1288199359
1290597611
1293221355
1295193296
1297185116
1299253040
1301380478
1302302399
1303029422
1303097789
1303179233
1303356253
1305015184
1305511404
1305818441
1306908843
1309376048
1311671542
1312595803
1313310935
1315445732
1316041138
1321691795
1326144878
1327401992
1328711262
1332962071
1333791541
1334625567
1339062547
1339341540
1340633181
1342327883
1344405341
1345136714
1345313332
1348397551
1349429237
1349678535
1349705966
1351915509
1353938488
1357748095
1357923653
1359340289
1360453998
1360457816
1363778758
1363928911
1364914660
1365181933
1366272734
1368009227
1368014598
1369645145
1371869186
1372938972
1373108450
1373439995
1380420492
1380466617
1383181336
1384806497
1385143462
1386921115
1386958884
1388329839
1394372505
1395128370
1396680999
1399569304
1400374011
1400389800
1400414146
1403742286
1405504628
1407727445
1413057742
1414957406
1417716644
1418691466
1419681469
1421853931
1422135849
1422694038
1427074069
1429253847
1429412373
1429769092
1430450476
1433504302
1434168615
1436930396
1438894374
1443592032
1444864168
1445566345
1448778045
1449901008
1450167988
1452365432
1453109260
1455804149
1456214124
1457086653
1459268614
1459728803
1462738777
1462945832
1463121780
1463609782
1463696300
1464535617
1464821624
1465761930
1465870257
1470791095
1471677995
1472717162
1475813076
1477086447
1478288094
1478486794
1481007631
1484334936
1484349174
1484896760
1487134421
1488529206
1496592107
1496864081
1499980365
1500154159
1502700669
1502909138
1503979456
1505340191
1506358427
1507519580
1509285452
1511512925
1512076149
1512900338
1514877024
1515839716
1518860419
1525375381
1526806689
1527897366
1528461915
1528913123
1529723512
1532263203
1532879334
1534465352
1534694554
1535303894
1537983339
1542491297
1546258554
1547116139
1547291221
1547834920
1552423639
1552595338
1552975159
1554986320
1556085161
1557256292
1557544787
1558843097
1560423790
1560847008
1561190322
1561291958
1563086052
1564413732
1564875302
1565705513
1569504455
1571113577
1571178017
1572220639
1573114518
1575017185
1575621380
1576732646
1578194499
1580527532
1582116631
1582692108
1583341524
1583416827
1583998089
1588774317
1589474157
1591545570
1591951619
1592029443
1592064735
1592239146
1592726465
1595023466
1596499639
1596780891
1597209049
1597663271
1599042270
1599235674
1599264959
1599661688
1601449837
1604067741
1609024233
1609602521
1610302089
1615806481
1615978992
1616326042
1620600052
1622554417
1622730466
1624217892
1624605535
1627354560
1627690225
1628106077
1630074685
1630287268
1636303952
1636330466
1637506522
1638320627
1639532530
1640489960
1640974117
1642331195
1643357822
1644976469
1645508564
1647171219
1647938256
1649397148
1651522803
1652962930
1654696223
1655291723
1656975563
1659159652
1659836669
1661270817
1661707376
1661885252
1664120143
1665306859
1667003617
1667569369
1667786505
1669279213
1669674058
1675665100
1675723151
1677304232
1677587386
1677961314
1683108044
1683261265
1685485970
1686235562
1686799427
1690660927
1691368715
1691641526
1692068667
1693731540
1693895041
1694390992
1694392098
1694910426
1696787857
1697175237
1698502486
1701385957
1702316479
1702455505
1703074249
1703549114
1704358246
1704433792
1704564719
1705075309
1710629056
1711537244
1713358926
1716837287
1718221275
1719380515
1719942844
1720899319
1722481670
1723220927
1723355609
1724833649
1731532535
1732447105
1734700042
1735954614
1736335408
1739551016
1740480399
1743957157
1747653452
1747706694
1748591399
1752393581
1752593936
1752986021
1753541330
1754322690
1754733821
1755283243
1757695924
1759630790
1759653852
1760502003
1760538067
1761353853
1763802466
1764529084
1764693336
1767580225
1768564952
1769494669
1770999086
1771276194
1771385747
1772575463
1772824455
1772939109
1774736542
1776222908
1777452413
1777472181
1778513361
1778591304
1783535111
1784481442
1786799817
1789430935
1789647661
1790982923
1793616775
1793867331
1794149364
1796375281
1797407591
1799076607
1799574585
1800244084
1800759808
1800774371
1800900152
1802059280
1804981370
1805118878
1805563315
1807415701
1808484500
1811656538
1812694950
1818475427
1818611694
1822861187
1824266593
1826183824
1827265224
1829226642
1829338586
1829998274
1833874981
1835291564
1836168361
1837190837
1839390363
1839450202
1840217017
1843780266
1844982081
1845144650
1846211501
1846294986
1847514391
1847660321
1848390646
1853427725
1854504819
1854524714
1857006853
1857801627
1859541935
1860975482
1861768496
1865268663
1866178569
1871534048
1873131123
1873139016
1874498611
1876962228
1880168437
1884895268
1885728211
1888738893
1889331269
1890471400
1890799149
1891149333
1892600418
1893584505
1893766801
1895566349
1895637281
1896856180
1897552427
1898055976
1899013164
1899109238
1900586113
1904876480
1905399352
1905936545
1908100633
1910178338
1911109207
