#Version:  4.1.2
#MC:       1.21.3
#Large:    0
#Search:   0
#Progress: 3112811087
#Threads:  2
#ResStop:  0
#Mode48:   0
#HutQual:  0
#MonArea:  13028
#Cond: 1b000000f8fffffff8ffffff0800000008000000010000000000000000000000000000000000000000000000000000000000000000000000000000000000000000000000000000000000000000000000000000000000000000000000000000000040000000000000000000000000000000000000000000000000000010000400000000000000000000000000000000000000000000000000000000000000000000000000000000000000000000000000000000000100000000010000200000000000000000000000000000000000000000000080ffffff7f00000080ffffff7f00000080ffffff7f00000080ffffff7f00000080ffffff7f00000080ffffff7f00000080ffffff7f00000080ffffff7f00000080ffffff7f00000080ffffff7f00000080ffffff7f00000080ffffff7f00000000000000000000003f3333733f
#Cond: 4200000040ffffff40ffffffc0000000c0000000020000000100000000000000000000000000000000000000000000000000000000000000000000000000000000000000000000000000000000000000000000000000000000000000000000007e10a16e7d0000001a10000829017e0300000000000000000000000000000400000000000000000000000000000000000000000000000000000000000000000000000000000000000000000000000000000000000000000000010000200000000000000000000000000000000000000000000080ffffff7f00000080ffffff7f00000080ffffff7f00000080ffffff7f00000080ffffff7f00000080ffffff7f00000080ffffff7f00000080ffffff7f00000080ffffff7f00000080ffffff7f00000080ffffff7f00000080ffffff7f00000000000000003333733f3333733f
4551052
9029860
10603624
11588991
12811913
18244447
20063287
25527523
28485741
29150077
32229940
35008780
36084325
37769195
39345914
39445671
39691335
40430845
41274669
41697005
42495873
44489590
48834145
50620313
51858343
55937776
60048308
62276398
67195887
70208165
72801144
73658857
74073003
75973448
79723116
80954008
82112162
84437153
86539709
87656033
87877765
90117437
92000232
92239455
92726580
93172934
97346677
99360404
100406724
100470034
100513229
102323519
102589602
104819677
105697988
108352770
108632234
109568722
111610230
118592458
124088456
124306367
124703795
125053324
125280454
125845598
127616829
129126559
132855659
139215821
142244509
145561864
148052739
149994664
151810026
151886394
151984992
153358027
158266620
168316973
169121742
171481161
171773649
172085757
175185088
177249319
178410220
180658518
192265864
197504712
204071022
208736808
210075289
215006958
215481511
216831327
222095788
224289655
230612424
231768146
233075603
233981658
234533368
247430385
248015310
248506670
263902386
265125029
266271239
266925963
269114571
271862004
276028183
278503346
280375133
280510075
282499032
284699744
285938869
287573598
292618548
295788932
303414612
304340647
305454177
307113838
308068191
308478661
315994061
319139440
320331255
322151072
325036643
326829418
340578039
342176897
342291689
346905277
348880521
356798901
363520232
363524846
373154738
375531510
377242954
379079569
380947838
381379940
385591797
388334819
389278643
392116224
393458815
398755615
400011228
401463554
403266065
404370940
408315082
409758021
410219384
413796213
422324825
423168145
426563432
429292806
430059534
433562431
435321501
439715965
442988766
447242210
450179885
454939387
468161094
470975649
471998301
473219586
483654958
484573904
488085534
491532396
491795650
495884643
499848692
500313330
500724196
502955658
503289555
504524982
505212532
512326938
513188996
514161134
516409751
516505462
520844723
521188302
522144661
526295833
530012572
531494973
533431103
537436059
537517633
538976321
539327562
541016528
545776017
552339098
556718313
557998817
564352700
565323766
567437790
567450104
567599041
569954742
570118669
574479449
579834966
579994378
583853560
586883546
586922908
588767363
590316556
594848241
596864370
599996963
603358135
609260842
609739512
611052263
612918763
619766744
621754121
626163891
628191527
628389085
628884257
631939668
633924878
638972189
639426216
639771030
639804666
643664936
653562900
654735843
655395052
656008334
658923123
659139270
663553159
669421197
670018460
670375283
674928902
676787139
680473807
682231091
682299315
684296207
686311400
687626276
688463146
688524966
688815186
692010518
693868150
694385052
695223471
699323953
702715093
703763466
705344647
706420941
706564323
707522810
709960430
712146499
713090668
718009950
720099422
720118615
720623462
724446757
728816920
730510498
730952126
733117131
735188162
736090434
736947555
737860976
737904314
740574853
742094031
742529391
747290792
752590603
754629540
756673997
757644462
761180093
762303834
763747174
763844079
773254815
773968082
776388219
779211948
786410396
787471886
788275479
788691643
789835057
790639861
793310180
793730392
793844371
794181745
795965157
796505136
798959173
802967388
804229973
804578556
805148573
805256130
809622504
814479366
817275041
818392786
820472160
821556703
824275133
829709315
829783104
829801878
832267919
833551957
836260843
838521047
840061456
841390712
842573216
848874462
851291379
852421724
854037921
859546198
861604704
862038782
863917553
866917509
867352066
872836039
874648973
881109813
888771167
894223747
896170933
896807073
897633337
902182548
903266948
904498565
905299957
905614650
906220846
906848567
907021289
907586253
908557830
909474980
910949008
913779180
914029433
916681939
916724526
917147320
923551917
931350351
934606917
939545177
942810238
947527763
955690766
957735513
963065608
964718119
964920696
966223593
966481492
967081017
969842544
974775668
981874972
984845743
986357426
986874058
991064959
992804306
993352059
1006741274
1006925906
1006941454
1012582585
1014270295
1019985107
1021763353
1021835345
1021835525
1027962706
1028389502
1028393179
1028436527
1034488259
1036107548
1037393365
1041822082
1044135920
1048661427
1050758663
1052116135
1052599713
1054243395
1054579219
1060000329
1060316312
1064728131
1069348827
1070217938
1070469538
1071819544
1076545835
1082112824
1082323689
1083580430
1085338657
1096846938
1098403112
1100094797
1101261812
1113464846
1113651745
1117676345
1126901112
1132925925
1133072549
1133329588
1135674860
1137067375
1137396447
1139276258
1140532598
1140792160
1141793986
1143368047
1147256326
1149313763
1150095707
1150438767
1151531862
1153429495
1153787833
1160737556
1161111669
1163456907
1170277022
1171757013
1175247921
1176389863
1176729770
1179765207
1180999441
1181479172
1185222967
1186620369
1188904741
1189941852
1190783329
1191198263
1191442368
1202611902
1205338768
1205442619
1213697171
1215600885
1218794724
1221795759
1226995109
1227360428
1229977446
1237571636
1238942316
1241256260
1244696521
1252700887
1254986209
1255533333
1257386376
1262473389
1263260906
1263706769
1265364505
1266125246
1272368681
1276807488
1278251592
1278777110
1278863984
1282459164
1285498397
1289227577
1291725224
1294392776
1296142295
1297942748
1300011335
1303281796
1305833177
1307642931
1317186520
1317781305
1319365960
1319526261
1322942666
1324276358
1327981726
1328019293
1331234297
1335752116
1339568659
1341046372
1341256681
1346266375
1348552754
1352629436
1354736446
1358254297
1360125465
1360195416
1360313382
1361952327
1363911920
1367409939
1368897343
1378494147
1378938013
1379597769
1383358727
1384434926
1384569304
1386108364
1387302159
1388857062
1390543166
1391484861
1394399120
1394542318
1394876664
1399653973
1400208458
1401785155
1401897167
1402358337
1402517064
1402739502
1404681474
1408423359
1409009941
1409662563
1411376752
1412744975
1417091979
1419100601
1419385854
1421228947
1421291385
1422486592
1423138233
1424589248
1425724332
1426458583
1426481373
1427272324
1428902728
1429678170
1433650307
1435004253
1440129463
1440235062
1441601055
1442306267
1444823554
1449016871
1450631945
1451713976
1452234002
1452401474
1453521570
1456360014
1459155703
1463208016
1468013194
1468990650
1469153109
1471661496
1471821710
1480828390
1482079198
1483194933
1485357772
1486046725
1489855592
1490216741
1490298319
1493789815
1496150386
1499882029
1500441038
1508618116
1509984193
1511380876
1512321726
1515302731
1519018410
1519880638
1529310709
1531225618
1535067205
1540993484
1542696795
1545832764
1553372859
1553999415
1558532960
1561065463
1564509259
1565541249
1568036934
1568613128
1570370277
1572177979
1573381693
1573840339
1584991722
1585421968
1591579458
1601424577
1609382474
1609533046
1615453133
1617287656
1618881561
1619124484
1619949105
1624074556
1624545184
1628173979
1630108307
1631380030
1632027473
1633912575
1639578893
1639762547
1640090127
1647393150
1649787068
1650067944
1650259966
1650349584
1651969481
1652223415
1653461793
1656148694
1657676442
1663495252
1664845184
1665243588
1665913859
1669193417
1680088751
1682504807
1683747947
1688794038
1693187081
1694182632
1699500583
1705670334
1705713583
1706078973
1709997696
1710149429
1712264232
1712697954
1725335433
1725680259
1727501196
1729725150
1730390429
1730930819
1730989240
1731092730
1732971039
1733361040
1736906291
1737295905
1738033113
1739370719
1739801840
1742062110
1742739056
1743300013
1744845502
1752776891
1753154099
1761218192
1761278278
1761655640
1763256860
1763475005
1765809021
1770173791
1773549898
1773621586
1774196307
1776651620
1778640078
1779572537
1782684386
1783383048
1785482371
1789107594
1791872723
1793200419
1794000550
1797640562
1814674587
1815264458
1818604428
1820841998
1826401449
1827342877
1828326942
1834805045
1840118820
1840292397
1842617083
1842793986
1843335542
1843416863
1844548220
1844957444
1847934110
1848868476
1851196826
1854445048
1856223199
1856351116
1856925135
1858744250
1859552207
1860123012
1860590629
1864514699
1865085097
1867096622
1870848857
1871583435
1871806899
1873237833
1873371750
1873745510
1874948284
1877703348
1880911060
1882463888
1886523574
1893958761
1894295581
1896225202
1896877414
1899339582
1902344576
1911301269
1917977349
1918527787
1918999517
1920566879
1926331666
1927672037
1928901986
1931022178
1931113880
1931891889
1934185434
1936158518
1941432864
1949859331
1955266626
1956836972
1957708595
1958021712
1959095531
1959898035
1962098698
1962638674
1964381774
1966832382
1968096172
1974692374
1976208767
1979999400
1980599326
1985703625
1986267726
1987744695
1988283566
1991326103
1992573529
1994576110
1997274396
1998606469
2000590635
2009141773
2009395780
2010868360
2012813072
2014773471
2014774357
2019169434
2020561866
2020864434
2022829845
2025914149
2026321054
2027154178
2037801449
2039060333
2041505648
2045388770
2056479812
2057055162
2059466998
2060037639
2066698597
2067450388
2067500829
2072677589
2073084210
2074104198
2084009884
2084572663
2085852089
2090340761
2090729961
2095011935
2095694197
2098540954
2107318458
2108043413
2114661788
2114829855
2115099282
2115897313
2118605613
2118853112
2125628191
2127754337
2131223306
2132430269
2133254526
2133513948
2135210647
2136866674
2140553648
2146420555
2147711034
2149708837
2150133219
2153951064
2155777373
2156782253
2160775391
2161005788
2163727618
2164983353
2166125807
2168770589
2170018651
2174053024
2177103610
2178839885
2180634355
2181059917
2184076646
2190564723
2192993250
2196870039
2197117004
2197723496
2199149182
2202820870
2203646504
2207174081
2211775857
2211978069
2213048865
2215052699
2215352579
2218544206
2219952394
2227972785
2229125363
2230742863
2233964941
2234462434
2234681669
2236775730
2240690190
2243420975
2250123391
2254993052
2255464463
2262679763
2269837948
2270604196
2271482543
2274243432
2276816768
2281087104
2281791192
2284624345
2286217327
2289286645
2291755508
2296086441
2296419543
2303162933
2304126784
2304521288
2306172950
2308371327
2316864358
2323396850
2326945930
2327999733
2328137158
2328947629
2329660283
2330123596
2332640515
2334962136
2336989556
2344317145
2346048676
2347446937
2350250787
2350406762
2353525774
2354904604
2355617592
2356923305
2360473889
2363405210
2364738357
2366354829
2367146409
2367665795
2368291924
2369745708
2370217935
2370786791
2373506471
2377391760
2378016956
2381956565
2386052876
2386629055
2386932934
2387709698
2390185243
2391042909
2391909894
2393381515
2395057600
2401245108
2402950143
2403459515
2403882514
2405551277
2405702788
2406435750
2407690718
2408641522
2409443142
2409758444
2411610926
2413393607
2416373112
2418195346
2426622387
2432312978
2435499583
2438819514
2439406863
2440746771
2441662289
2441785861
2442050921
2442331750
2443819877
2444456842
2448066144
2449877983
2450953922
2453834043
2454873981
2458078766
2464300711
2464820939
2467236808
2468188594
2471322069
2475439131
2477049523
2483595885
2484209915
2484268531
2485354391
2486526110
2486682230
2489798370
2495112683
2496419819
2501676536
2502953020
2503368573
2503800237
2504578738
2505060643
2506183379
2510937304
2511345654
2514978120
2519716985
2525787657
2526440976
2531288509
2534572128
2535011623
2535688947
2540154557
2541465783
2543885282
2546048136
2546170923
2547614154
2549094036
2553117861
2561565569
2562512771
2564340257
2567723320
2567957877
2568031348
2575220049
2575641274
2583551725
2583995922
2586854796
2588373750
2589864464
2592851282
2593237745
2597538592
2599361919
2599668937
2603667312
2607493724
2611613263
2611702942
2612665883
2616342589
2616394511
2617650254
2619900005
2620422076
2628967992
2629655535
2629858465
2629954160
2637611862
2637639879
2639894940
2644246983
2651639158
2653701998
2654304432
2658298412
2661847253
2665287666
2665807729
2669357630
2672944898
2674887799
2676155225
2686603390
2686640421
2687599440
2692342002
2695402010
2695808808
2701325908
2705383940
2705639099
2705652021
2706232001
2708998265
2711059710
2711229547
2711321382
2713353785
2714945715
2717525383
2717763618
2721106029
2721361522
2723606839
2724792842
2724854410
2730823666
2731602307
2736087569
2739011315
2743584533
2746777366
2750040134
2750243080
2752594501
2754827923
2755290073
2755930485
2757870551
2758054686
2758350563
2759647176
2760618455
2761189682
2761392733
2762477070
2764495399
2771294871
2772848850
2773912373
2775418375
2775627978
2782167680
2782496697
2793905621
2796280328
2800652480
2803267774
2803551410
2804194215
2805947120
2807756698
2808643666
2810106661
2816565316
2820900271
2825495780
2827435020
2830813694
2832979433
2833557018
2835061644
2838768588
2839459374
2841338911
2841380865
2846857994
2848229802
2852296855
2852524074
2854176094
2855827674
2859099726
2860741812
2861100285
2861787368
2862921772
2863876620
2864988157
2868287456
2869620907
2876579739
2877188049
2878713430
2880429314
2880970164
2884495873
2884655941
2887282839
2888685769
2888778244
2890649349
2891152414
2891572929
2893684885
2894100804
2894279045
2895830577
2896550048
2897329883
2897578965
2899803976
2900804519
2903512637
2904401527
2904672764
2906989820
2909751918
2910028682
2910574438
2912055582
2912136260
2912229218
2912997251
2920527611
2921194937
2926086998
2926954164
2929372642
2930551871
2930653139
2935148442
2937295549
2937624714
2941675552
2943106457
2944458227
2947860064
2951688025
2952186560
2952239702
2953816431
2954751918
2957003678
2964427350
2968095308
2969858981
2973292324
2973693161
2975340868
2977509040
2978522273
2979935988
2982876588
2984414619
2984467896
2984803242
2991007046
2993365484
2996879746
3002417216
3003410003
3008216096
3008600932
3009472438
3010957807
3017560574
3020121140
3023238208
3023762501
3025146995
3025750979
3025905759
3026144521
3028380089
3037279696
3039335881
3039899247
3043276760
3045476248
3049820745
3051146977
3054978099
3056300594
3059643729
3062715250
3065223409
3065760997
3066843662
3068578832
3077859661
3077880825
3078154718
3083200034
3084945995
3093741573
3100968970
3106024072
3108209135
3109887370
3112425873
