#Version:  4.1.2
#MC:       1.21.3
#Large:    0
#Search:   0
#Progress: 33450341891
#Threads:  2
#ResStop:  0
#Mode48:   0
#HutQual:  0
#MonArea:  13028
#Cond: 16000000e0ffffffe0ffffff2000000020000000010000000000000000000000000000000000000000000000000000000000000000000000000000000000000000000000000000000000000000000000000000000000000000000000000000000000000000000000000000000000000000000000000000000000000000000400000000000000000000000000000000000000000000000000000000000000000000000000000000000000000000000000000000000100000000010000200000000000000000000000000000000000000000000080ffffff7f00000080ffffff7f00000080ffffff7f00000080ffffff7f00000080ffffff7f00000080ffffff7f00000080ffffff7f00000080ffffff7f00000080ffffff7f00000080ffffff7f00000080ffffff7f00000080ffffff7f00000000000000000000000000000000
#Cond: 1b00000000feffff00feffff0002000000020000020000000000000000000000000000000000000000000000000000000000000000000000000000000000000000000000000000000000000000000000000000000000000000000000000000000000000000000000000000000000000000000000000000000000000000000400000000000000000000000000000000000000000000000000000000000000000000000000000000000000000000000000000000000a00000000010000200000000000000000000000000000000000000000000080ffffff7f00000080ffffff7f00000080ffffff7f00000080ffffff7f00000080ffffff7f00000080ffffff7f00000080ffffff7f00000080ffffff7f00000080ffffff7f00000080ffffff7f00000080ffffff7f00000080ffffff7f00000000000000000000000000000000
3094158
5786017
11545791
15629228
24498725
28447391
32268363
34090683
34198140
36732192
38420264
38684397
40393521
51176085
59448117
60420855
61432355
68035962
68199800
81542245
84250175
84647010
86539690
86706382
87389032
90890760
102942256
103552841
103614854
105501204
111351882
111767833
117192063
117291577
121127358
122541454
129135710
130107513
134414666
137964634
141360097
141381275
146106232
148159892
149941497
150151285
155564587
156708512
157576765
159321858
164066427
165488966
173874130
177997996
179683451
195630736
200146647
203992439
205230223
211524354
223618859
224823142
225925674
228334431
232310821
232948262
232973539
234982776
244586659
245578451
253479982
261727035
268512994
284913624
286228977
287407369
289262671
291004284
307409057
308009679
316998326
319193287
320550318
325945820
327079023
327442864
327746819
329570638
339927955
345010916
347165219
349333401
351672074
356433500
359511600
364384521
365482331
365736310
370036623
372349800
376910119
378978164
389324368
396435612
400285244
406223345
406227896
408994904
410347696
414097382
420714796
423530905
432627573
433076233
435737057
438149818
439416347
440015328
448860697
451565696
461686300
462358362
470657851
473339957
474712819
479055730
479347745
485433986
486874520
493050192
494705625
498465204
498476153
499081045
500837511
504910608
512076532
514438545
517533460
519180489
521757840
524780791
537521606
539025925
548675381
550314233
552661976
559020537
561691993
564155429
570420263
574575472
576180799
580015789
582169296
583025050
583356996
591699464
593274496
600971211
607368131
609220380
616041215
629883827
640638546
644106211
644126606
654175638
661897547
669817843
678449810
682879647
696712550
697923516
698730555
705438634
706287587
708066454
708934803
715643672
717734558
719041083
721608595
722367086
725072232
732308788
737412714
741236831
759465210
761512638
761998472
768526525
769506284
773508296
774178172
774229275
780585841
782373918
786112312
786793375
787366870
789326099
793485789
796020569
802488257
809313527
809694831
812416435
813207373
814949650
819170161
821635020
825567017
826311654
826824674
827705625
831142202
839410882
842039387
845233869
846042480
851213314
852972293
858400230
860896420
863029648
885736446
887140047
891224874
893781189
897538170
904996347
905211379
917147896
917671460
922733109
928232313
940735492
942542830
958616008
961150147
973219499
973977659
982654301
992050959
993409189
994731811
995330900
995469542
998519458
999848861
1003602457
1004842795
1006955054
1007406818
1016442768
1017865949
1026039036
1032204260
1032373483
1033686374
1034994357
1037439885
1045115460
1050205469
1054647419
1056862127
1058295635
1061940048
1062007905
1067961229
1069138229
1081949249
1082137529
1084513485
1086916760
1087387559
1088210146
1088351275
1090794164
1095709771
1099990078
1100115841
1122339412
1124485464
1130062435
1134541845
1134749469
1141173502
1142416337
1151594490
1154844538
1160072647
1161453675
1163636161
1166233307
1168825538
1171907329
1173762419
1173948435
1178365040
1178571783
1196911536
1199134352
1207754700
1227751857
1229914515
1244519356
1248624867
1249039077
1250667135
1253357782
1254643569
1256549824
1257100020
1259173498
1273614302
1278841131
1282804428
1284128079
1288941156
1290111583
1290777970
1291115412
1294202489
1295972810
1297459397
1298246939
1306516423
1317580574
1326022089
1327325536
1329840995
1332522284
1333518410
1334249459
1346029492
1346118646
1350640094
1355272676
1355392596
1357479799
1358715883
1360106271
1360762940
1364411541
1366402110
1368203229
1374909699
1375090975
1380527542
1386391917
1387216130
1388345062
1389550798
1390913449
1392645785
1394497388
1401166087
1405377596
1407219628
1407455977
1420472940
1427208329
1438390098
1439534565
1439828268
1445508926
1447006488
1450357316
1459288964
1461527821
1470555453
1477288369
1478376111
1480421901
1483998254
1489639576
1494490073
1496801351
1496956576
1500824862
1502642180
1504962209
1509345457
1510178646
1510552969
1533680934
1557341586
1563670601
1566529648
1573076409
1573297706
1584772889
1587552727
1597367857
1606110405
1607128969
1616536278
1617800393
1624037701
1628170486
1633002779
1633674473
1638763920
1641750963
1645993827
1646214748
1647033737
1649449619
1651346654
1654314908
1659988699
1661639842
1662270129
1667788004
1669647705
1674310354
1676668742
1679576733
1680707891
1682245423
1686632201
1688551628
1691227775
1699245498
1707882346
1708651566
1714612928
1717321548
1726352086
1738803332
1740541136
1741152746
1741228698
1743466733
1744504375
1751569597
1753912075
1754485392
1758465617
1761889675
1763083388
1764002033
1764169762
1785957424
1791272097
1806677070
1809432469
1810372961
1815162255
1815184405
1815231582
1821687662
1826137718
1829967623
1835664121
1840070129
1844289277
1848178151
1853602077
1857731093
1859567811
1864970497
1870486466
1870553891
1871020082
1873650815
1875923516
1876214581
1887278944
1889292136
1892071893
1895307371
1896585657
1897614819
1906817259
1907866004
1911613469
1918601141
1923475618
1923727243
1924208331
1925299003
1927478200
1951650249
1962547814
1963217708
1965613995
1972413968
1973321857
1977724411
1986629080
1991575030
1992934778
1995524421
1996295901
1996656916
1999689240
1999768380
2001583554
2010528655
2015121516
2028982391
2030230977
2032910141
2033108040
2033120156
2034721448
2042201458
2046096586
2049438636
2051255535
2064927370
2065167520
2066155067
2066560880
2073653041
2074720882
2076135616
2076652554
2081494232
2082116325
2082958469
2084477432
2087776993
2088788180
2097280090
2098130054
2106295031
2107933149
2111071200
2111855011
2113068551
2122867831
2128692791
2140950211
2141227213
2148319153
2149259476
2149515208
2156967612
2157182648
2158156107
2160540306
2167837806
2168735706
2172342929
2176165287
2176845095
2176913222
2179153105
2180906869
2183427974
2184931455
2185363960
2185410509
2188182867
2189399623
2190991868
2194553676
2196494869
2198623433
2203706874
2210314232
2213711486
2214782107
2215713181
2215740592
2223088764
2224004211
2227043712
2227366455
2228284261
2228904066
2239788620
2246216389
2246733593
2253595750
2260999880
2262243551
2265841039
2268916492
2278814213
2280957740
2283691604
2285869697
2286727521
2292934604
2293376124
2298842561
2301209299
2308692584
2313465828
2315614692
2316399756
2316402064
2328121247
2329387210
2333652219
2338409155
2341979679
2343260535
2345438453
2349822961
2351023844
2351622380
2357974929
2359469295
2361282693
2362064237
2362117201
2370209576
2373496543
2378827145
2385324577
2390549530
2392688031
2395522772
2399292420
2400737410
2400945635
2402403015
2413001014
2414882455
2420094040
2424944295
2425410139
2427473663
2428058207
2428299810
2430715689
2435837400
2441388716
2441981178
2443332705
2446258623
2449125963
2453047660
2466845581
2467044017
2467300804
2468925622
2477740556
2486078733
2486234202
2493422669
2504751032
2510476337
2515411001
2519737432
2519977751
2526311289
2529124927
2531798867
2540251099
2540971976
2546511959
2546669770
2547760490
2560351256
2564188710
2567143352
2573528835
2574407538
2576014685
2587326225
2593417788
2594513356
2595252580
2606010140
2610922084
2613855333
2617835063
2618339846
2620313089
2626182602
2632188296
2637675526
2638542375
2641544434
2643294030
2646596782
2653974393
2655574429
2663212002
2667555581
2671699827
2673533592
2675149037
2678335309
2680922684
2681126155
2683199751
2683875684
2695520136
2701298820
2709349852
2714403166
2726294815
2726883862
2731107644
2737234087
2739873377
2746254339
2749618525
2750759881
2784979374
2785752262
2787851361
2790045080
2794705785
2815474316
2828944313
2829685033
2831225458
2832525016
2841024727
2844959993
2845288046
2847257652
2857385854
2862305482
2863616229
2871436653
2871436850
2871653223
2873233619
2886230060
2893452777
2895810642
2896484084
2909018351
2915075203
2918763818
2925301377
2926693343
2929293861
2940119554
2940397873
2956258592
2959310050
2961766764
2963490110
2965987331
2968045414
2970998689
2976949795
2977110291
2980717809
2988997291
3001587645
3004989891
3007829476
3008293302
3012037138
3013962886
3020443757
3034874859
3040343016
3047143267
3049272618
3050029587
3055202001
3058481804
3058688597
3062642649
3062777280
3065110209
3067428315
3067614726
3070038660
3074734671
3075045296
3076383394
3082676505
3082954687
3089018729
3092553057
3092977593
3093838925
3097790304
3099979312
3101787249
3112646518
3114543996
3115723817
3116533560
3128671915
3133060133
3133129826
3140761170
3140994024
3149952282
3158003199
3158852145
3164614525
3165681633
3166791685
3166907188
3181644773
3184654288
3186495923
3196708805
3198977699
3200711934
3205619759
3213551542
3215241793
3225669978
3230495861
3230825835
3231552338
3233862022
3240573164
3245209479
3248912900
3249012430
3249596459
3255246638
3258184237
3261342027
3261622247
3263314732
3273437712
3278748551
3280884058
3281853271
3312278736
3315222422
3317963583
3320950015
3322691265
3324242939
3332634104
3335018532
3336444471
3336696191
3343677643
3350771706
3351075499
3351951573
3352217221
3353247686
3357768095
3359022067
3363266813
3367587351
3370090747
3378485608
3380042164
3387714906
3402212224
3404120384
3412407222
3417790214
3421812545
3424663044
3426505947
3441424099
3443693591
3444301636
3446816768
3455313613
3459714096
3459902215
3463531931
3465744976
3479579411
3484837736
3487827073
3492824769
3497313443
3510183689
3510984099
3540098317
3548606342
3554727955
3555045721
3555679496
3556619813
3565744689
3570574417
3571200280
3572813537
3576096156
3577114472
3577886977
3585360072
3602017572
3606604115
3611517656
3619140808
3639739566
3647011336
3647491540
3650745084
3660439549
3665147140
3668136701
3680003067
3680207872
3687095120
3688146457
3688254440
3690196141
3691679568
3691936756
3706909558
3713708467
3720346992
3721008110
3722780975
3724276733
3732434707
3732970028
3733597913
3735304194
3743164089
3750430840
3750819772
3754468979
3754994439
3756863177
3757874288
3758559968
3759927215
3764416452
3767148979
3768412891
3776357013
3781223780
3781848959
3783200454
3783782991
3784908709
3786480736
3789964873
3790555972
3791124757
3792726691
3793022472
3797362393
3798980700
3806008662
3807546409
3809894913
3814618513
3817452029
3817600962
3829709127
3834720409
3835373106
3838279871
3841469846
3849105609
3853594698
3855985144
3856782634
3858274127
3861032782
3864936065
3877370011
3878629581
3882962003
3888339436
3888920867
3894986852
3902911548
3904575917
3909167411
3910547089
3912144937
3912672044
3921309883
3928258928
3929718509
3941484578
3941583756
3942125348
3956982852
3958976403
3965379517
3969719084
3973598416
3974342916
3975179276
3978617231
3979285568
3986432430
3989628556
3990321882
4009453664
4018604823
4036309948
4038639901
4046722341
4061029606
4065063952
4071138213
4074312532
4093467978
4102025031
4107991046
4124846698
4125770959
4133008080
4140754091
4140799995
4141503688
4156941766
4159944194
4160174013
4164179220
4168805397
4169551139
4173026467
4175846622
4180235451
4181183997
4181431358
4186717099
4187816381
4188446647
4196917862
4224734261
4224994659
4226753001
4228887957
4230367224
4237665431
4238410294
4242971905
4245011405
4247885910
4250880760
4258951701
4262152112
4264357070
4265516400
4267573773
4274038762
4275096020
4293963397
4299709040
4301727935
4322610634
4327531789
4342440440
4344743663
4345411922
4346782588
4353906763
4354772767
4358591016
4362290568
4366725223
4369725587
4371979097
4373409482
4374084860
4374349134
4375305045
4378924567
4379487331
4379920325
4381420334
4383340325
4388993309
4392777376
4395163929
4397125984
4399666169
4402069288
4407660646
4415005005
4427102307
4427636304
4433697617
4441917642
4444370913
4447394407
4448472179
4449081303
4465939813
4469558629
4471187779
4475317435
4476582873
4479575262
4479910151
4481141971
4482307704
4483994611
4489031257
4490208135
4490786970
4492810927
4498828846
4500335108
4503970430
4507412815
4514721867
4516053260
4529834280
4534039738
4537423700
4538140239
4541039552
4544620916
4550398741
4551734832
4552956626
4557820150
4564537873
4569730935
4572162594
4578049861
4582697856
4584020864
4588611233
4589069114
4592413413
4594303184
4599861925
4602205082
4603398629
4605541247
4609756533
4613089664
4616564541
4621113286
4621254127
4629340009
4635140173
4635554777
4638548599
4641172539
4653047097
4655590419
4666598184
4669661103
4669862804
4671273034
4673934951
4712253335
4712839377
4717433702
4717613187
4718357986
4718547467
4721227176
4722162847
4727787886
4728604767
4730492672
4731096911
4737589522
4739119090
4739684243
4744464555
4746197013
4751197701
4751625607
4760283331
4761217154
4770891898
4772621485
4773043740
4783962077
4787494113
4789908181
4797150888
4809939173
4815560505
4826234487
4827308253
4861081175
4861498971
4863650709
4864794292
4875838464
4884528503
4886162134
4895496407
4901879517
4903487615
4903733920
4904251133
4905785717
4910185550
4915134426
4940447654
4940953250
4943151624
4943888154
4944614999
4948320112
4949103269
4956154864
4956563303
4959829693
4962832630
4971034257
4971304748
4975302243
4981488067
4984956447
4987673013
4989625372
5001343208
5021573139
5022798757
5022865586
5026953085
5031149477
5032316682
5039427442
5041813204
5043833488
5053492819
5055465682
5056503868
5060769616
5076965126
5082643575
5085172746
5093687114
5093929712
5099961941
5100100714
5100958824
5109039642
5110328645
5111782602
5112596844
5123167704
5124377214
5125682261
5127185820
5127731523
5129075826
5139604520
5152179855
5153232148
5153994882
5163606911
5169274234
5175103780
5183766420
5183947793
5187909820
5195574376
5196738688
5198528778
5200547118
5202258880
5207985239
5210019099
5218045552
5229221148
5234941534
5235604175
5235937282
5237845582
5244325300
5245467643
5250868378
5251418424
5255671471
5259082230
5261041904
5261428100
5261525104
5266274650
5269311084
5271070239
5272792358
5280117982
5289290832
5292463803
5292731520
5293297944
5302879980
5309702622
5311237408
5314146907
5314502802
5316435468
5318900485
5330193807
5334501965
5336964877
5340931966
5344348497
5348918476
5353548079
5359044093
5362269712
5366671973
5378385178
5381072680
5392909160
5393057092
5394735856
5395425521
5399155989
5400422805
5400996556
5405058924
5405687645
5407716657
5408121247
5408730034
5410308213
5412044139
5415428051
5424875711
5429516005
5430029274
5432623083
5441196555
5441653901
5443328111
5448260958
5457555729
5461716546
5464438811
5467716821
5473190124
5482753000
5486750423
5488642008
5490239089
5490790200
5491572445
5497867569
5510078608
5511893421
5512000803
5518071828
5524160454
5528773387
5536909291
5538479464
5542436718
5550039843
5555236757
5556690655
5557521679
5558568481
5558876349
5561940409
5568212300
5568576170
5571734418
5588223590
5588701516
5589745971
5595894085
5598006004
5599010626
5605500538
5606731727
5610234874
5615308661
5617262049
5619806016
5620958237
5634297034
5635768999
5645368404
5648811200
5650343249
5664537937
5667207404
5669405122
5672060501
5676392093
5683803019
5691723583
5697200480
5698917461
5700868073
5703359091
5704577901
5705802866
5710536404
5714119728
5725573518
5729675918
5730777759
5732567345
5734162180
5743385594
5749027599
5756918570
5767595343
5770052120
5776874527
5785129546
5789761513
5790081161
5797787092
5798931156
5802542956
5809589393
5813468011
5814278550
5822395602
5836617409
5846805631
5848170936
5850237668
5850559122
5851320508
5852325804
5855080556
5857829137
5864383284
5872001715
5880450670
5883600949
5887249558
5888815664
5893389089
5901434279
5904080480
5904250431
5910585216
5912262169
5912521127
5914689523
5916430768
5921491893
5944140148
5944322915
5944410058
5949433140
5952574549
5963037791
5967921419
5970312278
5970394414
5970593900
5986777757
5997935996
6000789221
6005527512
6009785429
6015651944
6017987414
6021853059
6027176682
6035402681
6041035447
6046131356
6054144793
6059614682
6066277675
6066967842
6069539273
6073896933
6076002527
6077798434
6089003192
6089396351
6089414712
6091108890
6092823924
6100759576
6104242070
6105775545
6105907690
6107142384
6117753962
6118386576
6120284847
6121828381
6122768367
6123889761
6126091694
6126635372
6133255315
6133298833
6135759656
6138982116
6139106022
6139441345
6151555594
6152538568
6155622420
6157325965
6160963365
6161803990
6162587465
6165179999
6166082185
6166144840
6168766204
6173923190
6178636414
6182487521
6188476235
6191188406
6191459537
6196575777
6197734702
6203752184
6209588812
6215680819
6221603428
6221628305
6221736198
6223250411
6223546202
6229783898
6243603898
6246854730
6248131760
6248229273
6251743321
6258972596
6263288655
6272004419
6289533647
6299737284
6302479819
6309447596
6309673564
6317573842
6319456438
6323199882
6324836157
6327716445
6331203208
6331498642
6332527113
6334629079
6335389509
6336444548
6341503604
6346127297
6350201616
6351580097
6356911617
6358572857
6361697038
6363743623
6368829430
6371515136
6372000125
6373296139
6382240336
6384465843
6384772514
6413125097
6413868332
6415986512
6417264209
6418670988
6425129681
6426487439
6433127071
6443172818
6450828827
6453314571
6454750801
6463909555
6475787904
6485346795
6488827677
6498039457
6501647303
6506722675
6526941059
6530191737
6532494870
6534955507
6542512192
6543134430
6548986395
6557980029
6563909763
6565292626
6566426572
6577452517
6579383611
6579582539
6587999604
6600994075
6603650043
6608738668
6611584277
6613668206
6620423459
6623616610
6625262891
6638516833
6646350489
6648086707
6649528422
6652159065
6655229906
6663346527
6665595105
6668882909
6669531312
6677575177
6680585628
6686283410
6687208592
6691668132
6692125242
6695475201
6696994188
6702385022
6712465373
6718495522
6722567229
6726416152
6729279484
6736579393
6738741271
6739678577
6745543962
6752700106
6754749039
6755114930
6759328113
6760003007
6761187049
6761218895
6762419430
6764438264
6764688877
6766353097
6766615025
6770385982
6772187875
6774342299
6784693538
6785373177
6786836653
6787606368
6791944928
6792622033
6795909300
6796026114
6798718008
6799283621
6804614450
6806532567
6811789329
6815757159
6818045998
6823190378
6825639950
6826091801
6829905232
6830708800
6831395084
6844168552
6845562954
6847976995
6852855838
6854561130
6855174149
6855495850
6856985837
6857788009
6859131948
6861444136
6864560462
6864593345
6864721311
6865607480
6872349095
6874782222
6879048901
6883447353
6889898100
6891893847
6893966405
6906406020
6917113664
6917683644
6919515580
6933733346
6933834237
6938585218
6943216662
6948202409
6950280649
6953067423
6954140856
6962151379
6963089797
6978271342
6985522308
6988451845
6993331919
6995175785
7017367899
7019006406
7019095185
7024810420
7035208833
7035709445
7050837767
7050889694
7054130671
7056241620
7063285609
7063923448
7069248477
7070363707
7079095275
7080064435
7081728974
7093898482
7097140547
7099948542
7100444099
7101452906
7102221321
7116898532
7118358312
7121642736
7123622119
7126809862
7127348536
7130414559
7130743607
7132650015
7147014451
7151486810
7161443893
7163550548
7172635054
7175488437
7179135918
7179168881
7180460430
7185884579
7198718319
7203683672
7205779065
7206245143
7206913409
7208151024
7210664380
7212807525
7218647191
7229206650
7229397377
7230755217
7241166795
7241883635
7242988918
7244680249
7251400357
7265820125
7272819427
7278374562
7280281940
7283780569
7294212747
7300594982
7300793012
7301533995
7312933022
7314694049
7316297284
7316681626
7317964909
7319145093
7319768703
7320879171
7322661417
7322765936
7339517954
7342801935
7346922603
7350229961
7351793976
7358559987
7359461648
7365427776
7365796830
7369822586
7370098736
7379007652
7390907584
7392057061
7393016770
7402021627
7404207649
7407553290
7413828420
7415465765
7417942140
7422743364
7423873859
7424313914
7432692572
7432730672
7439868729
7440100784
7443011131
7443469529
7450902713
7452251764
7456350065
7461425869
7462086501
7464004185
7466001145
7470239448
7475394596
7505078213
7507972282
7508231976
7519202866
7536479576
7540519967
7573718286
7585162788
7585411977
7586020221
7596388724
7602339602
7605974164
7610667432
7612566901
7619244637
7622528913
7625846026
7628431028
7635300506
7635846059
7644910319
7645152001
7645984766
7652926535
7654740738
7655066553
7656278190
7661830352
7663892499
7666238305
7667821272
7672067216
7682790103
7684944763
7695800536
7696811584
7703906377
7714511184
7717017881
7720833295
7725615261
7726214834
7728212375
7735056851
7742419653
7744323211
7751414544
7751627331
7754294094
7754850095
7756994234
7758075678
7762257931
7766246847
7767085402
7767598883
7768875632
7769160356
7770355501
7783920777
7784082841
7784998999
7785514188
7798056319
7798624250
7802332485
7802335889
7803214628
7808094230
7809958479
7815706165
7819564572
7827762415
7835144734
7845959136
7848509990
7849343688
7849679964
7856827787
7865194504
7869497586
7874659310
7875100058
7878779310
7881119466
7886142662
7886458184
7890972056
7891084575
7906966213
7911862307
7913458393
7922405384
7922444843
7922744830
7923288779
7925655031
7936132516
7945348973
7952875114
7958271231
7958548963
7959232881
7972684783
7973929415
7982448462
7986614798
7988184405
7988579086
7999198936
8000876208
8003645621
8004549528
8010172013
8012354562
8013265075
8013925265
8016224792
8018213315
8020550227
8028138245
8039274539
8041758261
8042312783
8044493672
8052724800
8054881596
8055150933
8055780560
8080458005
8091553609
8094068865
8097781115
8102424658
8104659785
8117381909
8118805037
8119712243
8129074714
8139255490
8141703736
8143747010
8145840018
8147372548
8147675377
8150085443
8155193153
8169795059
8171728478
8172263743
8173066114
8176550117
8178113318
8183670608
8185991610
8193224248
8193432150
8193829226
8201325841
8202697344
8202778524
8207379293
8213710765
8214057827
8215342433
8217136366
8217696737
8222740808
8229480952
8234855795
8236753655
8240187232
8242355640
8249438590
8257184831
8259683748
8263562077
8270817002
8271590023
8272304541
8273655128
8273710303
8283185356
8288190289
8289213861
8289295909
8291218930
8293466283
8295328085
8298796032
8311261251
8311377003
8312609167
8312911692
8317722610
8318463355
8319299784
8321632247
8325036266
8330098475
8330310241
8332273637
8339362910
8342391439
8345350163
8349318538
8362446765
8372614999
8375878210
8380010343
8382183165
8386756221
8388699974
8391087764
8391708976
8392797892
8393038231
8397632152
8402829709
8408145919
8408863707
8409393418
8415679625
8419495156
8423100781
8437353321
8440339456
8442220181
8443697586
8443849593
8444488188
8455794815
8475031174
8483128722
8485494713
8486195374
8488263528
8495115332
8498157831
8503525937
8507164766
8513230351
8515600073
8518905788
8521954484
8528298120
8534664714
8536156563
8538504379
8540999563
8555097891
8556120885
8557803669
8559590931
8563439423
8564426840
8568906730
8569289456
8569817258
8570278614
8584919323
8588752450
8597585970
8597820393
8599688139
8602437397
8603812056
8607104895
8619302332
8620868083
8623404593
8623424818
8647559259
8651249012
8653129708
8653527497
8655059684
8657173218
8663991706
8664337750
8664993379
8670348259
8670611553
8671044100
8678420813
8699626820
8715202748
8715531525
8721933136
8723127489
8723792018
8731812759
8732082334
8732336534
8732997300
8736462490
8738992336
8739922905
8745494345
8751620908
8753664623
8757228514
8759452014
8759511292
8767054372
8767456071
8771161167
8788171332
8790372586
8791903582
8794057137
8806775321
8818652184
8828184355
8835424742
8836387814
8837011911
8845763354
8846645417
8852338489
8856429323
8866643215
8868664116
8868946702
8869604220
8869959247
8872345849
8873361060
8883614316
8886132834
8887715498
8888567823
8897702370
8899235763
8901134628
8909194724
8910589148
8930203669
8931123137
8932734360
8935340759
8938075684
8939607404
8945119088
8946137058
8950016812
8954858147
8961070128
8965762596
8968423735
8969444243
8969696562
8970908890
8971550609
8973865915
8980175440
8984576004
8985018811
8985458327
8995978135
8997360919
9005369838
9007357885
9009212195
9010013142
9012272205
9013758390
9015047469
9017496385
9018011407
9025268409
9030525904
9034905353
9036051146
9040415660
9041552028
9042717825
9050995789
9052212615
9066239526
9066329215
9070867341
9071161583
9071507749
9078489846
9084673128
9090268163
9090853696
9091097046
9096288144
9096323254
9098571900
9101694773
9102396624
9109767414
9121703916
9127569217
9129447011
9150073424
9155383052
9156507862
9157473975
9161720630
9178935852
9187434216
9191447066
9191973327
9197098835
9198035264
9200164310
9202106770
9202329436
9208600383
9213661597
9216596154
9221320124
9225486782
9225555596
9230891806
9231961647
9246559837
9252500560
9254280225
9256009329
9259388893
9269909784
9278614540
9284999114
9285966767
9292289761
9292443222
9298923686
9311544536
9311781492
9312670570
9313182281
9318673969
9322816547
9322829508
9323883987
9328455465
9333195675
9333592891
9334607603
9336178226
9351209434
9367003374
9367778353
9371581749
9376638016
9384273284
9384623099
9399882711
9402044019
9404314222
9409476898
9412315362
9413852962
9418703819
9424957676
9427886373
9429801315
9432240041
9433417066
9443716125
9445250807
9456600567
9457057045
9474764730
9481425262
9482496206
9491339400
9497523485
9500315111
9503147876
9506410932
9507734002
9507760247
9509869732
9511256222
9511834510
9515665103
9520100914
9526055560
9528659209
9529328168
9533038973
9535993572
9537224874
9550633433
9554737322
9556710137
9558220446
9563470555
9566743860
9567459811
9574882013
9576908248
9595428106
9598917353
9599142441
9606976973
9622663411
9625922997
9630293768
9630967800
9632612952
9645759862
9660560240
9662400873
9674678423
9692313017
9697605565
9698032953
9699349878
9700325777
9706350669
9709727262
9710285748
9711265808
9725147915
9729558905
9733118618
9736126033
9736849519
9737973099
9746539506
9752136361
9754287222
9763651712
9767121980
9769178931
9773432186
9779566192
9791567463
9800093251
9800860912
9802658583
9803394102
9808819413
9812465069
9824419401
9827163563
9829290948
9832325577
9837454599
9845761461
9848506015
9853789939
9861974708
9862857277
9876672599
9876843489
9877491111
9878066957
9888590268
9901550863
9920247688
9921768044
9926232754
9931330142
9932007830
9948355608
9949412714
9950940375
9952197447
9956575975
9973846813
9973899012
9979348422
9980262634
9980638787
9985242501
9988552937
9988904435
9991455901
9997869906
10001926136
10003886656
10012695463
10013823518
10018462755
10023001296
10023203205
10024471915
10025854782
10038827209
10041256638
10044023102
10044955574
10054565571
10060214382
10062448903
10064207414
10065148322
10066039333
10068756772
10073748471
10076249461
10078745810
10091931882
10096213287
10096352527
10104884191
10109104885
10117022359
10120973109
10124364403
10125459116
10130173048
10132127396
10138571276
10141993082
10142630429
10150030738
10153533121
10161741937
10167217723
10173062234
10189351487
10197015362
10203429168
10206159201
10212259049
10212892418
10227150277
10227462964
10232303274
10238305238
10240251815
10253455615
10263529119
10263775180
10265009409
10265682951
10273365079
10286539811
10292385243
10294217138
10306740220
10306953275
10310283937
10310348081
10310798675
10314763684
10318168031
10321612825
10322678025
10331529257
10334261368
10339872353
10344096272
10346296335
10348674431
10365757352
10371313925
10378786457
10379917756
10380513635
10396577102
10398005867
10398378296
10398869457
10399497544
10407786020
10414308833
10418323707
10418854968
10424283422
10429762881
10429831770
10430649345
10431347572
10436257585
10437943408
10439221399
10440745383
10441453273
10442082874
10442611935
10444706566
10453955909
10459581003
10479778673
10483905797
10485867727
10485994260
10493117840
10495818290
10501751974
10506074702
10515499918
10518771540
10519070767
10520068237
10523401401
10524866379
10525589421
10527599342
10529638996
10532424614
10532832418
10534040005
10535007677
10535587143
10542984460
10548635700
10556892669
10558558375
10565753305
10570210266
10577786947
10582077741
10582439702
10584168856
10591608540
10599782910
10602202557
10604431331
10611980958
10613622039
10621006234
10638145560
10644175329
10650897485
10652735578
10659498082
10661471511
10669538177
10670444302
10670719739
10671681273
10672456792
10683302670
10686979765
10690048958
10692922860
10693711218
10701799501
10723705073
10726379340
10736806848
10737161773
10739318222
10743724038
10746344149
10747453234
10749911612
10750486454
10751305236
10753833083
10753836204
10756237769
10766939047
10767371624
10769793446
10774576035
10775007011
10779284022
10783196944
10785832536
10794548003
10796401151
10797780700
10804945395
10808080788
10808122626
10808998990
10810839402
10812171326
10813912557
10819663996
10820403326
10820600874
10821411457
10838058736
10843099115
10843820820
10851024624
10856912817
10857325108
10861862698
10864116503
10865892151
10867590349
10869957701
10871895177
10883662565
10889145973
10891993125
10894010769
10894889258
10897747345
10904116228
10904235672
10904300075
10913487891
10915631603
10916604508
10918286454
10926378984
10934026070
10936787626
10946259729
10947132828
10959295414
10961803734
10970670069
10970743517
10971883543
10974111879
10984157960
10990123460
10999637542
10999926578
11001946323
11014137334
11023145536
11023301466
11024877923
11030312672
11033707771
11035352824
11040036680
11043356281
11048782676
11055106885
11060441250
11073896008
11079976988
11080205574
11085543672
11089067333
11091256733
11113132902
11115920266
11130318664
11133021517
11134478707
11135747917
11136776359
11139465228
11141290364
11142346847
11143161861
11144537063
11149686769
11158080706
11160554664
11168466557
11171288496
11171924060
11179003890
11182438785
11183944544
11191087292
11199510065
11207488977
11211626106
11211759505
11214230996
11227589554
11228285213
11235959527
11237696508
11249215494
11254764860
11255595397
11272198759
11275476988
11278726502
11288693546
11289928792
11292023155
11295321615
11304710019
11319118255
11323064661
11337699433
11340612169
11343286427
11362615401
11366865411
11373221542
11373661607
11375530944
11377692779
11378336899
11381021211
11381273884
11387114003
11390117674
11393025553
11394664036
11403506697
11403527964
11403576625
11407526040
11416071568
11424912472
11429024746
11430082845
11432971903
11434600920
11445268572
11451735384
11459434162
11460541150
11461492171
11484745631
11498576561
11501386498
11507282968
11509299595
11529421839
11535691278
11541117338
11546712772
11547417380
11547658871
11550841375
11557351973
11558927889
11571635630
11582921228
11589109659
11591067260
11596563439
11597133685
11602350802
11604747559
11611267709
11613407306
11618049218
11619996581
11622895877
11637629890
11646923600
11653939902
11659891427
11660513021
11669002163
11670448844
11671418519
11671655819
11677041889
11678870419
11680052673
11686594322
11687613590
11692709169
11692883802
11693732138
11693901976
11697296494
11706709061
11709184381
11709947748
11710449958
11730034419
11734369296
11741076479
11741450476
11744653819
11754785397
11759941403
11763448524
11764563495
11766086955
11782504883
11782989117
11785744465
11789188508
11798507075
11799857106
11800907885
11801201487
11811908911
11823784461
11831136095
11835339622
11839393925
11840024719
11848517547
11851293951
11853022672
11855588800
11856205874
11860296565
11861737949
11868344399
11871859882
11872532644
11879656532
11882578099
11894061593
11901873009
11903410521
11915221403
11926187082
11927126117
11930394235
11933668696
11945411472
11947911928
11951460523
11951964362
11953106115
11958179168
11964758883
11968554536
11969165378
11978699267
11988391058
12000725796
12003111319
12004231575
12008621903
12009836119
12016648260
12019981314
12020439899
12021604319
12031622945
12038890360
12041565530
12051466419
12064557609
12068804128
12077616057
12079133920
12084098485
12085229672
12094367264
12117498344
12126893907
12134197416
12135598018
12155968877
12158997738
12160129150
12164603693
12166502820
12170025156
12178079467
12179889797
12182911890
12198781489
12200444310
12206404397
12225269394
12225490975
12230730029
12235117431
12238298246
12242968361
12245062119
12245193584
12246024238
12246486659
12252237927
12253833727
12255041239
12257520434
12267453957
12277097602
12278358749
12280671164
12281876975
12293282853
12300047489
12305473752
12317268676
12322546355
12323186973
12326741556
12327768391
12330567688
12331505638
12331785709
12333098741
12349615655
12355502417
12362117267
12362786276
12372485403
12373788961
12376109549
12377480908
12382597732
12383640270
12386729357
12389261297
12393078100
12393184299
12395265601
12395563957
12403241535
12403701607
12406976234
12414125696
12417644606
12418799064
12422173182
12426314179
12426588079
12430994570
12447688152
12448431851
12451435757
12457382680
12463958137
12467480437
12471938557
12472028540
12472738092
12474067048
12476406798
12478157688
12482651398
12493065866
12498938379
12500821218
12505691323
12514097182
12515050746
12521356063
12536335034
12544538429
12555156266
12557737921
12566955346
12567444703
12574051871
12582112723
12586429356
12588854677
12589479530
12593326889
12596284604
12617711938
12618440943
12621326328
12637298253
12651597927
12654890211
12655418243
12660551791
12670636761
12671168147
12673644232
12674159319
12674629420
12679056668
12685655455
12686987657
12690383051
12692882605
12697587523
12702052673
12710478455
12729284650
12730126962
12732199240
12733453970
12736334434
12740835618
12743518527
12750118454
12752035091
12757361611
12764632890
12768547545
12771309642
12779919894
12779951393
12780783616
12783054529
12784689424
12789813078
12792790740
12797084681
12810142001
12818807731
12819834490
12821543831
12821857178
12823335108
12823714350
12829738869
12831105712
12831872771
12833327651
12835513907
12835724846
12839527244
12851898665
12852192271
12852826260
12854051690
12855735876
12861563657
12870546216
12874383069
12875545178
12877536711
12881457152
12886226496
12886843168
12892069783
12897307581
12900974560
12911791112
12913067422
12918173796
12918796314
12922009820
12923748066
12924906948
12925484734
12932780334
12936660602
12949149881
12962158748
12963345303
12968220303
12976246097
12979019508
12980806905
12981084864
12981190957
12986363067
12997734146
13002452873
13005690355
13013167213
13014352241
13015218275
13017318313
13019210137
13024984698
13030631695
13032734179
13033823213
13038398920
13041147436
13041698640
13046276097
13051039122
13054980521
13055766337
13063644712
13064425374
13073346067
13074288962
13077977370
13089632427
13092657788
13094667162
13105454136
13107981780
13108131530
13116342933
13117684861
13119441284
13122461199
13125749132
13135745176
13147089103
13150243833
13150940019
13154143134
13154524067
13155677261
13161286462
13162461751
13163257205
13167054399
13183608789
13196976676
13214437945
13217220115
13220372794
13220849993
13225693101
13227539255
13228452344
13236003081
13238912684
13239191834
13242274024
13245576174
13250386377
13263300694
13266277596
13268066113
13268839741
13310000369
13318247291
13322184229
13328434798
13333656350
13334109607
13334913303
13335436689
13338818080
13349162861
13352007744
13356216814
13367692931
13367801622
13371489751
13402125168
13403017356
13408222482
13411348867
13411898697
13415329048
13426732961
13428099206
13428998326
13433388369
13434038281
13437654948
13438888677
13440408390
13441576732
13441905301
13444746611
13458481042
13463522661
13468937659
13472226251
13478727310
13480682039
13482383717
13483765262
13484963681
13489631866
13490691376
13495566387
13500283246
13503179994
13504928852
13507569831
13508586201
13510827351
13515698845
13519835030
13520660821
13524328965
13525514362
13532790084
13535625559
13538656055
13538900498
13539013653
13540705232
13541355854
13542124074
13542182790
13547163132
13552987276
13554666316
13556860740
13557975090
13559377133
13563049376
13565012748
13569056541
13574752427
13579647492
13580391741
13584497244
13584774451
13584963072
13586729354
13587119746
13593539480
13594604976
13609463501
13613595219
13615814387
13619509953
13619934012
13620820971
13621704428
13624501318
13631573867
13636470056
13639518398
13641769170
13648720474
13648979565
13649494076
13651697255
13653849413
13660019331
13662497549
13664013861
13668024986
13674850309
13679921609
13681829634
13685206398
13685267850
13691539659
13698008635
13710150594
13710398084
13730048027
13733602044
13740407033
13740868634
13741256483
13742558882
13743083113
13745667068
13745730521
13747252711
13753279877
13754863125
13754959791
13760150566
13761069755
13769032499
13782696114
13783677014
13787943602
13787963747
13790323159
13793733924
13794656041
13796522213
13796714273
13797084523
13799300260
13802494519
13806201131
13826216725
13827598560
13828506145
13848372575
13852294272
13853586698
13855159253
13862791800
13863525286
13866480089
13869122080
13870944846
13871585731
13878907338
13881555087
13883918847
13884384306
13898800539
13901329740
13902618012
13905144156
13915795887
13916354352
13921365138
13922347495
13922364960
13924688101
13932223248
13936148729
13948949277
13950354315
13960492091
13974164920
13979803039
13982351822
13984705432
13985157950
13986166194
13988742497
13989261042
13996999217
14001767210
14003520946
14015000138
14020178314
14022155490
14026631626
14028439396
14029365980
14029760448
14035612650
14039897045
14044308186
14064076073
14068424598
14069598701
14070103565
14074178769
14075550460
14079014936
14079130490
14080178215
14090139976
14101526338
14110393994
14113734253
14117330542
14117702142
14118690258
14129193496
14131113505
14134923257
14136101175
14138117235
14143954876
14148581049
14150378861
14150628120
14151933435
14153512273
14154983758
14159246163
14159249502
14159489007
14159700927
14163354778
14165787234
14167634852
14168623827
14177059002
14182611761
14185139436
14185645685
14186409774
14203639395
14204147366
14209695183
14219942018
14220762459
14227644960
14229344292
14231994974
14235587426
14235954109
14253443516
14254343206
14260235650
14260699386
14261553008
14265978908
14272404557
14276594289
14290231780
14293443316
14311653104
14316825294
14319449832
14322327906
14322713456
14323423053
14334231592
14347895525
14350891216
14352714571
14354050358
14364745186
14366747268
14367878196
14372844877
14376114810
14377310165
14382608485
14386307121
14391703490
14394065631
14394987215
14396454238
14399312429
14407147985
14407905633
14410458393
14418170264
14421519630
14423672097
14425390186
14433011659
14434204538
14444206101
14446815033
14446969338
14450749220
14458632161
14461403952
14461617262
14462798847
14462979971
14463198531
14466896525
14468506681
14472334818
14479215958
14479271350
14494923586
14497393392
14497589805
14498396291
14505477568
14509617615
14513538324
14518831845
14522274019
14525068934
14528389946
14530424076
14532754695
14535437948
14540304963
14540422061
14542287024
14544251134
14550161400
14550402726
14552671209
14556553890
14556730335
14565503236
14567738732
14568263159
14578055781
14586360630
14589935279
14594762447
14598970016
14603652003
14604032141
14605167532
14605509213
14606148226
14608198449
14609694587
14609895443
14614921812
14616356772
14617092821
14620198658
14626601520
14632640301
14637898366
14642646224
14643487341
14654861376
14661646344
14663111587
14665963080
14680862034
14681837818
14690001395
14699722198
14700440595
14706667680
14710163025
14713495903
14716565058
14720140111
14726600670
14740132146
14743804994
14752470595
14754280198
14754402874
14757372270
14757563537
14761845711
14761980812
14762803957
14772483534
14773256029
14778904449
14779960086
14786716023
14795023419
14798724509
14799550601
14803974273
14811154436
14819668700
14821581008
14828532037
14832621664
14838409546
14843778484
14848900405
14859614971
14862406228
14875391649
14876656454
14878694110
14882496144
14883182564
14894612503
14895128652
14895505786
14895549038
14896713656
14915497426
14924479121
14936621553
14945928492
14950828945
14953620343
14961406457
14968060738
14971169962
14972004671
14973945498
14974964394
14989278185
14989948318
14997056762
14997710761
15007176988
15008719814
15010460219
15011126791
15012793304
15013093856
15041284276
15044598892
15047420440
15053495040
15053786920
15064509986
15070889736
15077625200
15083857991
15086683120
15093932098
15104959606
15112078490
15120211262
15139973280
15143773900
15145238461
15145616618
15147159913
15155195404
15155262836
15162366312
15165059483
15167469534
15186429306
15186546129
15189283693
15194970325
15198120127
15198768037
15202551883
15203395762
15213078198
15225001388
15226404220
15227503595
15233268625
15234769038
15240170001
15240574484
15242093931
15243859584
15250773246
15253752195
15259968907
15261645778
15270054507
15277360230
15279750023
15282789931
15283603812
15286238623
15286545817
15287516308
15291744375
15295383090
15297740579
15297947014
15306937683
15310726619
15311160122
15313267991
15313712916
15313810688
15315155102
15320765999
15322397632
15324153949
15327278065
15329034089
15349755656
15350936499
15353129429
15361945219
15363167117
15364392656
15368894509
15370847915
15378077120
15378612110
15379687618
15380467321
15386350839
15389011273
15395189553
15398269896
15399316162
15401836653
15403053927
15403149006
15407955684
15408732305
15409666486
15416580298
15425084274
15428758450
15430759381
15431612098
15433809656
15438768507
15440024578
15440531289
15448327656
15457082048
15457437804
15461561538
15463377939
15467116372
15468063633
15469905490
15474091185
15486436715
15490161915
15491286057
15500158789
15502951487
15510628837
15526457494
15526492310
15526983347
15528069957
15530717853
15544838776
15545483180
15551308897
15551883533
15568934133
15577621323
15578379486
15593904198
15606485713
15606858439
15607108865
15612610622
15626549389
15631361278
15633994818
15634130194
15637724821
15640264156
15641459467
15645150223
15657932920
15661870967
15662029924
15663810314
15664902575
15665905773
15667583756
15670207964
15671230461
15671288187
15674418330
15675000513
15676946881
15679875684
15687965080
15693483483
15698174948
15706617125
15708788731
15708790833
15711099307
15712608653
15713638540
15713693491
15720570661
15723171872
15723848608
15724535107
15724667053
15725979112
15727204870
15732748304
15738467059
15741490876
15741941907
15742505769
15743575996
15746797377
15748795454
15758035614
15760790298
15763079553
15796070849
15796815968
15800500452
15800506581
15807277395
15808146742
15808370655
15809324506
15818085801
15819810045
15820259462
15827063374
15835390242
15837246984
15840147483
15841061264
15844211033
15845645640
15847663480
15852111914
15862666394
15865631560
15866940188
15886082493
15887852688
15896288463
15896532114
15897101953
15904960171
15912206241
15912703627
15912874417
15918259487
15924186342
15940580191
15952603479
15956878392
15962717756
15970767925
15971322773
15978924487
15985123678
15989292208
15990600806
15999017028
16001918530
16006231565
16007563138
16011153724
16011835380
16012583273
16016185404
16017407829
16022224406
16025429006
16037158878
16043807558
16044304542
16053412046
16055291718
16055510439
16057724610
16057747059
16062758689
16063161808
16066717187
16067190349
16070111496
16075586551
16075871357
16076995835
16077541681
16102887089
16103128453
16106038180
16108359543
16114507555
16127508717
16130631209
16131390017
16136006927
16136263635
16142403994
16142456227
16142763275
16147005336
16150105684
16159875036
16163021648
16163478704
16167205571
16167694765
16174753060
16184121895
16184372672
16189376447
16196001021
16201190217
16215552762
16219840655
16220182114
16220946541
16222105235
16226860878
16234641377
16237557336
16241007264
16245248285
16247339136
16249503184
16257654819
16260751579
16261394678
16263003967
16268206388
16270162182
16273338446
16278775356
16282599118
16286450350
16287135957
16293562421
16298403215
16308447160
16310164706
16314476947
16320150294
16321189985
16322829686
16324107057
16324532708
16327547342
16329666044
16332573889
16337092386
16342354356
16342749132
16344965055
16347489620
16349559838
16358699883
16359553677
16359573935
16361835628
16362939057
16368655994
16374121750
16374533360
16380111833
16388542853
16389033698
16392144738
16394009164
16397302182
16406001603
16406613299
16407911816
16418707695
16420337428
16426842920
16428436721
16435166018
16442074839
16446812148
16448211174
16449084651
16452635403
16459559298
16468274144
16474948268
16475640988
16477628302
16483704465
16507907465
16511353727
16515942394
16516865986
16518340826
16526694513
16528507477
16542255158
16543134821
16551921302
16559576314
16562950423
16563339422
16581169390
16582996925
16583380844
16586819549
16590840065
16593443769
16594481568
16595811797
16596285055
16602452086
16616459331
16618463064
16620792487
16621441507
16632889577
16636901921
16637103164
16644778942
16647768264
16653773894
16654011245
16659587477
16659807162
16662061267
16665011497
16668692282
16672930089
16679725696
16680380625
16682472053
16691292440
16696623301
16697486064
16703805623
16718198904
16719029189
16720621465
16724328144
16728246885
16728902054
16730514654
16745776670
16746162017
16747023925
16747537727
16753373930
16754474827
16760088811
16760483303
16762186705
16775134123
16775202804
16780520151
16784722251
16788069236
16789129530
16796684089
16803712793
16803736156
16804609225
16806598034
16808727136
16812625404
16814152468
16814452325
16818650024
16819265047
16820846817
16824932913
16828081145
16834136482
16837660066
16839217830
16852497921
16853021937
16856905249
16858441617
16858651960
16862704435
16864905576
16871040159
16871247112
16874471625
16874987550
16892827442
16908529141
16913875989
16926228148
16926353867
16931391672
16936298023
16937077433
16940114510
16943836710
16944892686
16945711584
16955939981
16957280920
16971583393
16973521521
16974552995
16979012036
16986441260
16987658985
16988243494
16988820841
16990278442
16993775383
16994405678
16995311336
17001767106
17004772382
17015287216
17023592422
17024002530
17033705020
17035331182
17037118763
17044002948
17048934069
17051049029
17054454312
17054857923
17057776451
17059668756
17064491355
17071532679
17076613178
17077316748
17080031775
17080849748
17094835259
17095727661
17096605577
17096614850
17097080721
17098483266
17098550127
17102021689
17102089808
17106993102
17108507305
17108670219
17108704761
17109616880
17111317329
17113063969
17119669021
17125606155
17127716837
17128121348
17134853669
17136091631
17136243181
17136282279
17139174566
17140945169
17142701993
17146237427
17152655646
17155317718
17156741238
17163978528
17164290036
17165792309
17170602901
17172342795
17181837523
17182228182
17182715118
17184052886
17184702523
17187926556
17196370741
17197770294
17199559286
17200552152
17203293551
17209748735
17216891768
17225366114
17230466459
17250655118
17253070164
17253888923
17256001356
17256676708
17257094139
17257143351
17260526463
17272710820
17289485079
17294855914
17304036346
17305248654
17307287641
17315767063
17319394430
17320467717
17321667857
17323115421
17337981568
17344974042
17355781168
17357362066
17369689641
17371248987
17375987376
17381852050
17382023181
17383235828
17384793822
17387132560
17389872341
17406226312
17408140426
17414534012
17419630616
17426083175
17429009292
17429452971
17430033443
17442607777
17444775382
17444986543
17467001151
17472222352
17476707698
17477725646
17482339717
17483387759
17486201858
17487349188
17488755248
17489814940
17490506833
17491644810
17495103153
17497417224
17507458444
17512650146
17514424825
17516462670
17519071037
17520124151
17523144778
17526963991
17528717656
17533776672
17534518805
17536782904
17537386436
17537759294
17539764736
17540444940
17545619158
17548139061
17548579082
17560493877
17568205007
17568336800
17575207903
17583908906
17587517441
17587625724
17593423167
17594640961
17607885073
17609886317
17613623108
17616789247
17620874567
17623458460
17624244613
17630847269
17636408534
17636542199
17638375425
17640000401
17645304002
17657666637
17658926888
17661293606
17664092563
17665777672
17665877161
17680871085
17681599372
17684257144
17684540068
17687196026
17694506673
17695194315
17708920355
17711749361
17712043771
17715466033
17717553404
17722496932
17726467706
17735360308
17737722062
17749459652
17750731757
17751369719
17762142051
17769290469
17771198907
17773581126
17781129210
17782322438
17791879025
17796262941
17799425942
17812983524
17813708819
17815518423
17817355277
17817993265
17820500239
17827628253
17842413638
17846228294
17853062706
17853277627
17861024739
17862261398
17863019282
17868754328
17872250804
17876264482
17880465066
17881496631
17881940591
17883554726
17885183520
17887436589
17897415944
17906064973
17917253701
17930131832
17934002529
17934220538
17939387321
17948043546
17952896014
17954357654
17959142144
17960156528
17965998747
17968337062
17969492426
17976759711
17979765543
17980677348
17982715988
17984311390
17986387178
17990571091
17990648020
17991970551
18006125210
18007388522
18026689332
18026858608
18029309266
18033285304
18036385465
18042154346
18047219179
18063097454
18064138636
18065477678
18075568156
18076992076
18080032249
18090129274
18090412357
18096347104
18101876906
18103816198
18105607969
18109433148
18118064635
18118584085
18119631115
18128490603
18134529375
18138113909
18139259149
18141112849
18144038631
18146165190
18147756619
18168098646
18174373173
18179816880
18187488573
18194632073
18196643995
18197722275
18221936455
18224624914
18228099715
18228460287
18242390189
18246153652
18247935582
18253115699
18257572508
18259058701
18263251674
18264408734
18267336475
18270243572
18273303587
18273346083
18276745188
18279435891
18284292924
18284637606
18287312382
18288926396
18292083170
18293080900
18299686765
18301995691
18313723809
18319806034
18321792631
18323554006
18324467034
18347913852
18351636609
18354022238
18354735912
18355465545
18355784010
18355793164
18360451448
18366872876
18368867264
18378971942
18381285056
18382723906
18384752505
18389173216
18392952180
18412244112
18412637118
18412772495
18416364856
18423195171
18424233581
18427730201
18430274835
18431969087
18432532941
18436164039
18437649825
18439692423
18443548827
18444948070
18452175813
18452318870
18458397035
18464100416
18466778998
18476400106
18476560610
18480774774
18481604984
18482239054
18484694490
18485318365
18490871022
18492154008
18493783470
18502037882
18502957128
18503821005
18507036269
18510237692
18510457355
18511075907
18516110602
18520377827
18525627091
18531626727
18540472046
18547908853
18548284816
18555362680
18565894035
18569469270
18577520439
18581290504
18584396398
18587404659
18588722474
18590465628
18595708651
18595766898
18597043305
18598793171
18607047499
18619201013
18624358239
18626245380
18628230359
18630051123
18632248950
18636830635
18639427940
18641896411
18647941822
18648593420
18649038257
18649971474
18650945825
18660063824
18679547777
18680804646
18682450645
18684940310
18686265479
18694088670
18706594107
18708990200
18713617029
18719298035
18722832297
18724595121
18727334606
18728373326
18728714673
18728761160
18731194282
18746167113
18757227420
18759478065
18773041293
18776124028
18781854237
18781854945
18783351762
18784718420
18784779298
18791748978
18795090453
18799320152
18804478806
18815533514
18820404353
18824645551
18831648864
18842803289
18844166640
18846739236
18847800224
18849617620
18855591358
18856184053
18869089924
18875732190
18895502206
18898759953
18900048128
18903611994
18909980961
18914769727
18922285257
18923204240
18927024715
18930788041
18931034473
18932268547
18934764047
18935280032
18936863429
18938184832
18938883899
18939164068
18944311827
18944551368
18951845658
18956202748
18962015090
18962487470
18968391170
18972658183
18980670446
18982244868
18982866229
18988909863
18995783103
19000145359
19004234693
19005623416
19020994862
19026798644
19030755880
19032004794
19032614115
19032687976
19034613636
19035936172
19039173372
19041250606
19048726838
19052160228
19057674014
19058320418
19061650148
19062394065
19063543150
19067323718
19068659808
19069436791
19072191392
19074713628
19075041463
19075452905
19078448505
19079254394
19080040278
19081965479
19084974379
19090951190
19097040080
19100219206
19108188676
19117822646
19122091850
19127107969
19127497315
19132248234
19139126686
19140161105
19145914350
19150755006
19160893639
19162315792
19164117445
19164774281
19170397703
19179216202
19187848281
19190284429
19196452699
19197854920
19207017503
19211228594
19215003994
19216067375
19220692562
19225502012
19231998479
19240135122
19243471746
19253200437
19258432374
19261465366
19267634918
19272397034
19272781081
19282861455
19284712807
19285029751
19287203231
19291904911
19293564397
19297065683
19301625134
19302846070
19303317414
19310631150
19312269849
19314041251
19315103971
19315222304
19327713177
19332639535
19336066777
19337965310
19338825131
19340073170
19340505393
19347538573
19355387737
19357732261
19366390363
19366757558
19369765556
19377315521
19385150812
19386579195
19393966437
19395287582
19396816351
19404400057
19405954129
19414002468
19416561900
19434153273
19437470921
19438374585
19440145842
19442038826
19443731579
19450075942
19450180254
19451763947
19455816053
19459460718
19460814087
19469877423
19476128363
19479686059
19482045335
19485720147
19494863569
19494906222
19509971956
19519521642
19521317949
19531831585
19534388054
19540530997
19542217492
19542913382
19544687024
19545460733
19546663513
19554150749
19556279931
19563380492
19564018280
19564517133
19568378113
19570136051
19575590237
19579880843
19590845901
19600506288
19601285932
19604338885
19608298876
19609731866
19612702410
19615982963
19617407458
19618973009
19625376169
19630806982
19634804019
19635801567
19638943496
19644190066
19648265611
19654204012
19655053261
19658289851
19659124871
19661507484
19662283077
19663641046
19667026378
19668605586
19675558992
19675882863
19677925765
19679407890
19679554319
19682962854
19683389555
19687456737
19687786739
19692631430
19699605644
19706446963
19708886464
19718870376
19720176741
19722079972
19724648009
19725126952
19729521571
19744565584
19754502655
19764057635
19767592621
19767978137
19768651148
19777887319
19778477272
19780483537
19785870510
19790542056
19792712299
19795015497
19801459012
19806496154
19810124848
19817339524
19820089806
19822411571
19829427055
19829675972
19840767854
19840909579
19847261825
19848947084
19863866135
19864182566
19865794395
19873429785
19873444955
19874666018
19876540515
19881940201
19882424781
19892964854
19896109458
19897996062
19905668517
19908163088
19919310704
19925520566
19931065872
19931721047
19931823986
19940054643
19940688574
19940839226
19942941882
19944221736
19950061879
19956863684
19959807853
19959831825
19964787601
19970189155
19980557423
19982499228
20004643897
20008845346
20011426292
20019618226
20026670548
20030568067
20031770970
20032475452
20046253165
20059205703
20064135989
20072997491
20078742999
20082709031
20085596724
20085934430
20089602246
20092147557
20098889706
20102536985
20102572758
20105857407
20110027040
20113060992
20119878966
20124705979
20134450906
20141437154
20141501921
20143526324
20143712267
20143945032
20145024962
20147729997
20147901265
20148980000
20158264637
20158450549
20164477121
20171112228
20172610030
20174550219
20176760460
20180990378
20188449659
20189946290
20195347537
20203215774
20205882635
20208464683
20210293554
20214818035
20215560440
20217543600
20232663822
20233455226
20237961898
20240042999
20245536718
20250222394
20253355900
20255512868
20257211917
20264497917
20266956382
20267003634
20269941012
20276308678
20280357515
20283813492
20284232937
20298337253
20305583767
20305710547
20305967363
20306029748
20307084004
20308557883
20312184016
20312571460
20313953759
20318066740
20319905202
20322741140
20323684175
20324500530
20325646939
20326291892
20329745804
20335726332
20344975260
20345237188
20346879892
20349364732
20352176106
20355697776
20356796658
20357887234
20359502587
20369864143
20370696081
20375604838
20376436659
20376571206
20377077875
20378554757
20391217265
20392322309
20392525227
20402177641
20405905588
20406471818
20406719651
20407752510
20410781049
20412104504
20415092169
20424180958
20429952750
20430234087
20431161221
20433267586
20437152347
20439623521
20448026525
20448382514
20455123283
20456390864
20464161390
20464344285
20466149298
20466350279
20466847820
20475959415
20480694757
20482244217
20483055085
20492940045
20493036159
20499172500
20507465737
20511424470
20516448153
20525867934
20529112381
20534199591
20538688512
20539316389
20546467443
20552770951
20555605512
20562715820
20574257395
20575231594
20581647399
20586827913
20590239694
20592589159
20596612171
20598030851
20603381387
20603673077
20606377659
20608977588
20611850007
20612478457
20616380143
20618925065
20619035610
20619858459
20623178039
20632904834
20634116996
20636988911
20639446214
20639826811
20640098797
20640302209
20649119032
20655345126
20673135823
20680251397
20684943838
20699080315
20702850941
20707899173
20712057610
20714786808
20721706896
20722395430
20732549353
20737204613
20739350345
20747048643
20748035173
20753559030
20755631392
20759096669
20764667871
20770505447
20772283576
20775311428
20778001857
20779117337
20779306050
20779577839
20780034176
20782463946
20784919169
20791313010
20793847219
20805755903
20808642382
20816703905
20818347213
20820396996
20825268144
20825424701
20825960602
20827208698
20829132663
20834470468
20837515195
20839656651
20842795748
20843453375
20843609850
20843666625
20844166232
20848015485
20856354642
20858000762
20879088539
20889357191
20890473765
20892385586
20892462628
20897850948
20898040429
20908551361
20914140304
20917849766
20921083741
20924689724
20928096688
20931645989
20932082198
20936621025
20938549950
20942850935
20943765594
20944454108
20952903626
20954999109
20958791088
20958910195
20960277764
20964432941
20968183235
20972433790
20979150716
20981620039
20988781063
20989409464
20996306359
20998738129
20999994828
21008218427
21008319879
21013252560
21021584988
21026282884
21036523857
21040748551
21049120865
21054054743
21055354430
21055850224
21062768342
21062818092
21067669468
21070237649
21071007290
21071793501
21077233500
21078702144
21081160204
21084266686
21084289758
21085167141
21085759838
21086758785
21093157309
21094624847
21097639786
21098165301
21098916410
21106846165
21109658443
21117166782
21117207768
21117938630
21123650278
21126973008
21131703953
21131706126
21133002951
21137952121
21138398844
21140921938
21143812193
21146207305
21146904900
21154553407
21155687641
21156169847
21159716630
21160745942
21165179952
21191605357
21192467950
21194506468
21200214839
21206520950
21212555363
21218398253
21232745605
21242920138
21246852721
21246955651
21252157941
21259838583
21263181827
21263774908
21267014875
21269426714
21283069675
21287422587
21288601543
21290685440
21296925103
21327841692
21331750662
21333258654
21335596399
21342263473
21353703865
21354696262
21356693260
21360556397
21363301151
21364850952
21365470647
21368913905
21375250545
21375745992
21377879113
21378996652
21380717293
21385405588
21390776686
21395568031
21396802490
21400876897
21401216148
21407652905
21408807838
21417843691
21422834156
21432305533
21432867835
21450187406
21450975587
21456113944
21474061510
21485813270
21486229807
21489182693
21489493681
21491140334
21496640192
21501930286
21504127727
21504163314
21504942333
21508697006
21511998960
21513117012
21516490178
21516819863
21518821724
21533168957
21535889888
21538405495
21539876095
21540861373
21543664054
21550235057
21552090374
21561336121
21561520495
21564591824
21565230398
21567826184
21575792285
21585346469
21586688412
21588651181
21601035448
21601467131
21605872706
21608376634
21610232685
21613012264
21618760143
21620439618
21630048587
21631390444
21632742005
21634268001
21637925789
21639384357
21642150169
21642807927
21645048292
21647295206
21647467925
21647890488
21652944414
21657013158
21658321112
21659550365
21661485501
21662911054
21664342793
21664363652
21665829723
21676573435
21688025722
21693108677
21697271280
21697413404
21700024035
21704117302
21706433060
21721179811
21726462830
21732966619
21742229121
21747377356
21751346938
21757013308
21757317353
21769303659
21769467310
21770641283
21771841969
21778767405
21782030138
21787284829
21794020366
21797563118
21798461860
21805108927
21811800178
21818956817
21824166453
21831966649
21832860691
21848552948
21858099780
21862562938
21870623444
21871332383
21878335105
21883752337
21891382970
21893153238
21902494942
21903928866
21905047292
21906791503
21908642358
21912050678
21919817123
21924727909
21928577007
21932460061
21934736566
21936625962
21949305780
21959202042
21959562117
21964685395
21967500503
21969206612
21971934642
21980683928
21983940313
21988084239
21989529579
21992598648
21994990263
22001187258
22013983937
22014926493
22030394495
22030867186
22033766574
22035848851
22048431374
22052509027
22052650846
22058587609
22062720801
22064546849
22074976096
22077318953
22098962814
22100651269
22104445439
22106698361
22116621006
22116963080
22130183270
22143582063
22144482220
22144900578
22146407502
22149112152
22149516243
22150359395
22151894780
22152831697
22153261033
22160847667
22164191636
22168420316
22175307885
22179696730
22187577226
22188426897
22189714803
22194067961
22195110230
22208539937
22222059221
22228638649
22230680650
22231454315
22244001826
22245674815
22246698953
22247142422
22247496865
22247508328
22247686636
22254995715
22255162596
22258926490
22264140300
22264464609
22266021814
22270301563
22280538694
22285723495
22289638690
22291573510
22293875411
22297952272
22298181445
22302850733
22303894752
22304124179
22309522768
22315251309
22334954605
22343520100
22345987041
22346009480
22346109650
22355813628
22356458550
22357217600
22359027379
22361947914
22362997893
22369079295
22369720155
22370189927
22373948291
22377136537
22379870790
22385478698
22387909681
22400092537
22401976157
22406270614
22407305774
22415859420
22417842781
22418370721
22419705993
22420870942
22429330710
22446848689
22447597767
22457983903
22459533537
22468102493
22474331417
22479781669
22480149145
22482225359
22486103366
22491396668
22496043726
22510856849
22514544748
22515727613
22518414850
22518553218
22518638312
22523144389
22529326787
22532876912
22534304926
22537583016
22538972498
22539930657
22546486658
22550486834
22551067320
22554740656
22567689644
22569954554
22570268965
22572105043
22574312621
22578413859
22581679702
22586415633
22614445125
22614677369
22617231106
22620686619
22623108099
22635545681
22636975791
22644098234
22644904242
22646809404
22648522075
22648797312
22648988091
22654552009
22654824342
22656604310
22659650401
22662520469
22664329979
22666777977
22672041422
22672149359
22674021346
22676835323
22680825980
22688594073
22690236788
22694783447
22704583355
22705208475
22708729221
22713031649
22723448604
22731684008
22735587541
22740560642
22744687657
22749482855
22750252219
22755370585
22760318902
22762721934
22773397984
22774375366
22786870402
22788807712
22794051502
22800511837
22807491084
22815739250
22821056875
22826528019
22829727034
22829741496
22836910751
22839396954
22841622063
22849945224
22859033043
22860899670
22868344208
22877658167
22880440980
22881543465
22884690403
22884765549
22885339147
22886667102
22895185027
22895819493
22896654171
22898094638
22900375613
22904238233
22910910963
22917977864
22922281462
22927791567
22928046169
22933585202
22933623610
22941564367
22946284990
22949264536
22949345420
22952950919
22953397810
22956410742
22956553650
22961722709
22964446874
22964690413
22964908998
22967253787
22969067967
22973710377
22976757166
22985339743
22996452768
23001485854
23004744031
23016276746
23021747088
23023610502
23030608399
23036265652
23041397068
23041813280
23047550358
23054931087
23060094342
23066256534
23069640755
23072938698
23074242747
23078379362
23087069372
23089352392
23089643165
23091487311
23102120084
23111067701
23118311704
23133718385
23138676270
23140280055
23141901435
23146335391
23146483660
23151548121
23155575953
23159079165
23176168530
23181387596
23185364400
23211279694
23219670025
23228108907
23247357083
23253102437
23255250633
23261947170
23267790548
23277135610
23284802491
23285885004
23289746299
23307943491
23312223065
23313089903
23317100670
23319920976
23324119590
23324219732
23333073826
23335232963
23336385166
23349460241
23349688806
23357539184
23360547190
23362017730
23364997417
23366176537
23367745905
23367773951
23368173708
23374274588
23376154746
23376627124
23377293576
23380666359
23381536766
23383263057
23383544978
23394246888
23396576611
23399893619
23401975570
23404669853
23411291777
23418627695
23421085378
23431362417
23436927215
23439586186
23444670655
23446614261
23461415924
23461843550
23464881486
23467839999
23488304268
23489365697
23497428991
23498980792
23509377084
23510826978
23511260928
23512198501
23515956820
23522868389
23530460077
23530823403
23536963202
23540381604
23540699795
23547580308
23552070067
23554084331
23554368712
23556545358
23566550750
23567617896
23567929213
23568003259
23568601738
23571347156
23573158967
23581104092
23586351221
23592495292
23593730702
23603862602
23606360253
23610065553
23614003095
23616180497
23617291626
23626282101
23628635201
23631178585
23634243094
23637399228
23639459577
23643832715
23644457136
23646294430
23647434562
23656206898
23662205330
23672022757
23681859422
23684330094
23690255975
23696730857
23705327434
23715062853
23716875830
23717203474
23720680992
23723822321
23735290077
23743554278
23747275783
23754266148
23755244984
23758114004
23761522545
23766833282
23770747460
23772404853
23785322936
23785388145
23787693029
23804244253
23814165903
23818856596
23825490138
23831497458
23835102880
23840122302
23841648935
23856083043
23862173296
23866368110
23870873732
23876925065
23878465753
23878923198
23882578449
23886547229
23890130174
23902188308
23903225415
23904309735
23905520163
23916227136
23919764638
23919982718
23931580887
23934158997
23949579731
23949677716
23956688075
23965038529
23969370710
23969867192
23973025246
23973557858
23974233559
23979093539
23980939143
23981880910
23995816048
24003829360
24006224426
24011171578
24021667859
24026639338
24030723533
24033650152
24041079439
24044765549
24049554498
24050029966
24058377854
24064095387
24069186579
24077101824
24082362222
24082899219
24086223306
24086501714
24092155979
24093744608
24096978219
24101140754
24107347711
24108168327
24110035790
24126723340
24128028888
24137615710
24141302824
24142882999
24148104942
24148564339
24149219696
24149586966
24154575603
24164875542
24165345720
24167300892
24170571318
24178974987
24180410765
24192716919
24193748530
24198072102
24204851531
24217409191
24226982221
24228370872
24230618358
24239118226
24266225948
24272217084
24272926264
24283156176
24297074469
24297969108
24301765598
24301818172
24304786446
24306046782
24324448461
24326259682
24329090372
24333394313
24335743713
24343140288
24344544144
24348757877
24357203607
24369464726
24370488956
24371271710
24375856045
24376280830
24377450111
24382859416
24384443019
24385099841
24388128580
24390556619
24391168238
24392180354
24392797181
24399336850
24402061616
24403898623
24407100874
24427450055
24428275671
24429885173
24432274726
24432300363
24446921813
24448116313
24457962661
24463682057
24464915156
24465082366
24471888660
24471898953
24475627981
24476543943
24476891058
24484514620
24486022502
24494247376
24497069803
24498580557
24512083503
24512764097
24513484061
24516861930
24517650783
24518316528
24520250306
24520936542
24521491007
24523626866
24528021801
24530001755
24536072823
24542343532
24542871129
24544618714
24551135747
24551394670
24552502082
24558116171
24561960063
24571448293
24575020928
24577747771
24578263657
24578454040
24589417480
24594084320
24598774619
24599561384
24601549755
24606581085
24615603626
24619461698
24622657711
24628412056
24640965034
24642715816
24643164683
24644062739
24644294451
24645257466
24654984340
24660541240
24666878303
24685774012
24686366311
24693311820
24695787318
24703274913
24703822984
24703929381
24716128692
24718465645
24721374039
24724366419
24726128429
24729176804
24741213712
24743752198
24749397542
24764862109
24771098353
24783021441
24789038232
24789180304
24790193930
24793360271
24821023619
24826219618
24831595777
24837000805
24838753256
24844869730
24845225047
24849536172
24850355382
24851950003
24855467698
24855729938
24860688452
24863005557
24871282704
24876978330
24896189800
24896714437
24897527481
24906061991
24908014409
24908584278
24908696252
24912449855
24914887312
24922253757
24925774718
24925800047
24927469678
24927781227
24929221086
24933125686
24942442087
24942603457
24948266395
24957115850
24970622281
24972895761
24975427363
24976664512
24978325829
24978856006
24986347589
24996863975
25000371634
25004536811
25012588952
25023529126
25026001548
25027957961
25039681481
25040936604
25044501343
25055177659
25060648463
25063236321
25063926002
25067979152
25068464454
25068988860
25076062653
25077904482
25101306023
25121985114
25124536812
25127868994
25133138095
25138065007
25140192617
25140777629
25145201912
25146056103
25147486619
25149887291
25151067349
25152509718
25161021993
25168933041
25173028367
25177331299
25178687986
25182955916
25197883310
25200402779
25205609137
25228854779
25230523846
25232925888
25235142472
25245456814
25247437259
25250127748
25251209093
25251906635
25272614089
25274668013
25287856496
25289703613
25294246665
25295618134
25299705732
25307523322
25308610913
25309456987
25318497389
25334193061
25334645084
25338521198
25345090192
25346683452
25349879540
25353660771
25358573636
25360753650
25361465783
25361769562
25372425914
25383009291
25393748727
25400369170
25404216869
25404517615
25409134441
25409512057
25413978219
25415699667
25425146555
25434623752
25435229944
25440609948
25445477982
25448205258
25449856193
25451159567
25455591938
25460904097
25471684686
25474874063
25476355923
25486075289
25487693495
25488310249
25488442111
25489328092
25491149571
25492311163
25502632886
25510620747
25518596726
25520336523
25521881697
25522239867
25522518424
25526431649
25526715441
25528222660
25539220882
25543499563
25545697164
25546379985
25547707277
25549864153
25550498874
25551834976
25557888295
25564779779
25567342404
25567495330
25572250469
25576215172
25577171359
25582705110
25583494470
25589350173
25602677461
25603001018
25608747907
25613809186
25614480207
25614948130
25615515429
25624024911
25625081487
25627695094
25628940875
25631216804
25633393400
25634599124
25641099801
25643195058
25645898287
25649877986
25652402113
25657002580
25667031027
25673182320
25685035764
25692344079
25692406680
25702335101
25704319663
25706867230
25716350289
25716944414
25719916225
25722986436
25729706516
25738624722
25749182739
25752805030
25759801861
25760539043
25769083543
25770870646
25775125343
25775926273
25788526579
25796220198
25800440317
25807473419
25807659535
25810811851
25826533260
25827823885
25830220270
25841603198
25843832150
25845142856
25847577574
25848140879
25854001555
25855782025
25857635891
25861300689
25864158706
25871310607
25879497744
25880728226
25882490241
25886641075
25894286899
25896332437
25905740023
25910011220
25912338883
25913843378
25914995327
25916965492
25920787127
25922671027
25934530450
25936758404
25940666577
25946162410
25946814318
25951241268
25952029473
25952130512
25957052856
25961134078
25964281176
25973985094
25975642099
25984901101
25993774653
25995610538
25997338976
26003464175
26004610305
26005861317
26015144594
26019192295
26020103787
26025425836
26026042626
26026426193
26027705026
26028740181
26032159284
26032930670
26041630932
26043739166
26051544978
26055469761
26069530824
26071873977
26075595932
26075715452
26084231005
26087364318
26088042784
26090423699
26092119064
26092259396
26095255835
26097460890
26102586535
26105079672
26109063102
26125216459
26125260660
26125472039
26139507590
26140583487
26141078427
26145334955
26148329650
26149763919
26152286580
26158749428
26161930244
26162425936
26168873249
26174158763
26174854584
26179890970
26180864218
26181204788
26184270847
26186978498
26190222725
26195836968
26203853309
26214157565
26215028074
26227468915
26230360850
26232164609
26235820798
26240775036
26240788045
26250370070
26252789135
26254232767
26258948307
26264531149
26267886126
26268157620
26271066884
26279020544
26280762175
26283218484
26286176781
26287000630
26287985841
26295169623
26296843843
26297085655
26303529952
26309329337
26316237341
26324083438
26338975008
26341544199
26346515459
26347144266
26350529327
26359281960
26361561187
26364003841
26365119049
26366134205
26373448962
26375854540
26377709354
26379404039
26382757421
26385087521
26386318076
26387607993
26397361570
26397972131
26401577993
26407006038
26408371779
26413258494
26414947099
26422191026
26424839017
26428019180
26430544872
26445777783
26447677477
26447712181
26450064790
26450121162
26454169274
26458714417
26463527204
26472965322
26473377487
26490513607
26491900503
26493803678
26494597338
26499731163
26502437712
26507197555
26509644524
26509812763
26510380902
26512155377
26512204098
26513679289
26520241804
26520581202
26531026249
26538154539
26552227662
26552697660
26552840066
26556030199
26556754630
26565947711
26577013280
26582181766
26587787068
26589175792
26589879031
26590082886
26592447997
26603846925
26627105576
26627734064
26635086100
26636432267
26649546561
26655411257
26659510160
26660312340
26689482166
26692968842
26710164999
26721410547
26736465097
26737002746
26739903289
26742020978
26746217087
26753552945
26756263100
26757924179
26759514887
26768408443
26771824122
26773291071
26775282408
26776554740
26781130587
26781270385
26788498204
26791550856
26792484399
26805556486
26807225072
26823141078
26823581045
26826329083
26829332905
26830501550
26843843513
26846888728
26852417383
26855910305
26858067483
26859083874
26876472314
26876617128
26882840227
26884692592
26895323186
26898953254
26903942928
26911680348
26918276439
26929122265
26930371084
26932854364
26934401106
26937700673
26938159427
26941513427
26957311174
26957777073
26962382055
26965388131
26970800281
26971107838
26971420814
26978297200
26984896198
26986063605
26986646223
26989947607
26990152754
26990682247
26994109590
26997767054
26998611750
27001171674
27006218426
27006515248
27006565426
27010544372
27015373669
27032521403
27033695406
27044788218
27045313085
27049666425
27050544189
27059008347
27067459833
27069244747
27073783514
27074031730
27074797333
27082136674
27084318783
27085305306
27089921576
27091695304
27095429572
27100927789
27105144120
27114771594
27122574176
27123892701
27125881855
27126099590
27127786888
27136739624
27137910218
27148495633
27164289711
27170830512
27179996585
27180196697
27182494184
27183121267
27184912461
27187809086
27191454140
27192459575
27193328109
27193395905
27202868080
27210361124
27222337305
27230024307
27237116762
27238048839
27238575472
27242062987
27249289133
27249497168
27250678187
27262537940
27263922514
27272374746
27277497697
27278776967
27280412119
27280589711
27294032257
27299008376
27301793038
27303215720
27311220147
27314930035
27322340744
27329865969
27334076225
27340837542
27357148844
27358068137
27364346424
27365541618
27367592434
27380652242
27390744612
27392057907
27392233113
27394640984
27394949738
27398801443
27398998985
27403440000
27417813792
27419877371
27421116330
27421541857
27425377000
27425973881
27440604437
27445139833
27447111203
27448977609
27450451729
27454963371
27456569475
27459139580
27459197664
27460477734
27468538818
27478602463
27483192310
27486050197
27489522808
27494274882
27495612951
27497800238
27500895403
27505466740
27509921564
27511332794
27512652241
27515146778
27515603853
27517456822
27522354179
27522857277
27523137896
27523137556
27531151128
27538073371
27541332754
27546731484
27547690300
27549076499
27550403063
27557879634
27562661847
27564108026
27565506211
27569630150
27572104662
27582208530
27588941697
27598493921
27598569654
27600292578
27601240227
27608412674
27622779065
27624486278
27625723806
27625794608
27625943710
27628680946
27634695490
27635475214
27636813734
27655586555
27660704201
27662051232
27663582651
27670528403
27682421721
27696411197
27697216193
27714685685
27716268524
27716338119
27718979146
27721874539
27723571861
27735182204
27739308070
27740111981
27743935628
27745656595
27746342332
27747308186
27751040771
27763123555
27781233293
27784261936
27787393544
27798070021
27799940420
27800109992
27807661539
27808982665
27813286949
27815638212
27833941457
27859927608
27880675637
27880676542
27881158670
27884421554
27884861348
27885619533
27886615332
27893760090
27897788010
27897962497
27899125988
27910827157
27912238352
27913849372
27922769710
27931274398
27932884544
27934362718
27936091791
27936853962
27938695357
27949343400
27952263417
27952587311
27958392772
27961111853
27962910967
27964668203
27975637248
27991802494
27993445450
27994569864
27994775501
27995035503
27996947197
27998678077
27999937807
28006449157
28007247514
28008186512
28008737167
28023785167
28025301333
28025879365
28027192608
28028353197
28028832355
28028897055
28033529895
28033689291
28041276112
28051069788
28060386568
28078616843
28079340079
28082557126
28084139619
28088462632
28089917262
28099572694
28099873736
28106828030
28108931421
28123713697
28125290497
28127887601
28129880846
28138196787
28140200105
28141628303
28149331174
28155489194
28158274318
28163548635
28168400861
28182639256
28195431905
28196164543
28206981412
28213503766
28217733754
28220655519
28227966695
28230162848
28230701765
28237429343
28239566425
28251041683
28253533038
28266939933
28271107477
28275871511
28281362835
28286721643
28300826348
28302000006
28316280411
28316951594
28319336678
28321326355
28321527072
28324466044
28327020765
28343675907
28347971282
28349179267
28355660135
28378902187
28379364867
28380766447
28382845222
28387003127
28389984636
28394997652
28395686560
28401558470
28402106175
28406408366
28413820495
28414858589
28415923675
28416139906
28416395068
28416759757
28417479359
28421198433
28421741043
28422345833
28425862932
28439062875
28443871963
28443936445
28447121024
28448897965
28460409971
28461422337
28463335182
28467593716
28471347039
28472011681
28479806216
28484713189
28502361194
28504353231
28505050826
28505136845
28507518246
28521197275
28524478242
28527357363
28528185223
28533526556
28534339439
28535355855
28535601344
28537617563
28538387467
28545356528
28545711973
28547225980
28557328583
28559616833
28562222490
28563803348
28565262272
28569681229
28574423703
28578374830
28579641203
28583396533
28586491443
28586866418
28596502724
28597851665
28599186235
28620249786
28624280929
28634442518
28637009795
28637438353
28641084201
28648699113
28650549836
28651955395
28652816246
28653319834
28655321527
28661342830
28662353698
28665046920
28671886918
28679946774
28684817279
28689015241
28691980499
28692183434
28692299120
28693804467
28697330419
28698811651
28711126697
28711972479
28712615963
28714725261
28729260454
28730107036
28730856760
28734160282
28754066812
28756591629
28757241327
28757911175
28760856442
28761577921
28767401947
28768391137
28770740945
28773628962
28779161600
28784635217
28789547621
28792128769
28798042620
28802057051
28802073507
28806317887
28811477133
28830567332
28830670239
28836380121
28841098789
28847148881
28856979614
28857986661
28860438030
28867924032
28873141711
28873660885
28874289121
28881649651
28882870744
28887774825
28891606627
28892549644
28900156001
28914863077
28916251367
28934367992
28934581311
28935010893
28935188612
28937258514
28939893317
28944903746
28945611964
28949847145
28952287411
28955106987
28956287523
28957852532
28966835439
28967820212
28969511645
28969589806
28970114940
28973211795
28974306224
28977752021
28987217275
28990311229
28990398506
28991589133
28994105849
28995150781
29002738730
29010191895
29023783798
29026294053
29026430981
29028775034
29030071333
29033155703
29033209075
29035690469
29037593098
29039109026
29039562912
29041541462
29050077988
29050687224
29051019489
29057850569
29069999164
29076440901
29087564870
29093623478
29100692279
29105853259
29106815494
29114194351
29125515866
29125565323
29126471152
29128462836
29132349368
29141235077
29146018501
29149464863
29154351702
29159299342
29166852731
29168814367
29178730457
29179503290
29180914006
29205361073
29207225419
29209621098
29218691659
29220686012
29226096751
29245817216
29248393900
29262208298
29263268270
29263929163
29267222875
29271175468
29272129228
29273340504
29274063867
29275457916
29278095945
29282834673
29285934368
29287279617
29292821778
29299164789
29302591405
29303772153
29305784742
29306469630
29307846389
29318458727
29324726090
29327176936
29328575621
29328672690
29339809462
29340023595
29362275078
29364058738
29380959798
29386310768
29389574279
29390852426
29392241701
29399373765
29412924368
29426827807
29428137852
29431484315
29446848881
29448880766
29451143615
29458744516
29466117008
29475186767
29476814714
29482549925
29483702043
29484622472
29485282236
29487489626
29487795072
29488532539
29496563012
29505926236
29506165420
29510302409
29512386784
29512837840
29527875699
29539319643
29540576255
29544137261
29547590581
29551489086
29554561202
29555559664
29558464409
29570133284
29573833003
29575909246
29591963155
29600018296
29601278493
29602995213
29611864310
29612800605
29613872049
29615905590
29632356840
29641185340
29643261666
29658536961
29663511554
29663837255
29666303759
29672338139
29674141221
29681652928
29684544346
29688356059
29689239139
29691297754
29695461194
29696920461
29697665894
29700387132
29702653673
29705951454
29713056706
29716228947
29718814825
29722996709
29731700588
29741353055
29742507138
29745141063
29754977683
29756508140
29757881551
29759833322
29765050372
29767180666
29772426853
29777301870
29777495453
29781860335
29782016518
29788993533
29795118188
29795631432
29805432522
29809972390
29814020102
29815608563
29816475298
29839455526
29841732624
29846578365
29846698342
29847631207
29852049778
29856643575
29861490018
29862356594
29866693938
29868649514
29869182877
29876864167
29883918674
29885297320
29886563757
29888347151
29889576178
29894501037
29904707429
29906554373
29917468914
29921190571
29923847105
29929163091
29930881171
29931519586
29931527941
29942786204
29943488274
29943596619
29944291156
29952431143
29954394445
29962709352
29973269343
29974453849
29976002126
29979830966
29983699588
29983752064
29989917972
29993806243
29996154115
29997755130
29999163665
30003616049
30003943761
30019846174
30028712645
30032057421
30037801233
30041449699
30048537897
30053316140
30057221741
30070656821
30073733017
30080507593
30081995497
30084521394
30086474021
30088785788
30096668641
30096845930
30098400633
30099310169
30100703792
30103778042
30110508592
30112234388
30113523090
30114312720
30122250856
30127435281
30128823487
30129202698
30133763939
30134687600
30136903033
30157141088
30162398010
30162712243
30164417836
30170167981
30174973313
30178851639
30180865117
30185062129
30187024655
30194748746
30198878108
30201447178
30207705368
30209025835
30212527292
30216111444
30219090398
30227886260
30236428767
30237672843
30238444463
30246836868
30248284055
30259659840
30260605007
30264733019
30266914414
30270551785
30276125686
30276656688
30277663359
30285034566
30288119639
30291806828
30295757988
30297077348
30299339619
30303232390
30306993197
30310230455
30316480397
30320961086
30338939777
30340252106
30345384445
30349211680
30349894476
30352189980
30359774541
30360609898
30362907182
30368065567
30370432357
30371761291
30376124582
30387259761
30407938472
30409976466
30413198610
30415887929
30416394455
30424889777
30424894844
30426751032
30427757284
30431027514
30432239646
30434075659
30436668915
30438659005
30447761226
30452632451
30455992246
30457823128
30459138412
30464236181
30466765738
30470361054
30471573650
30482169840
30494545861
30498354417
30499559749
30502566694
30504131440
30509884491
30512241883
30518120920
30519279385
30520091102
30521822973
30523034223
30524507946
30534980644
30536982569
30538896547
30543707301
30546786307
30549507535
30552371570
30553894794
30553910705
30555015988
30555920407
30555989610
30557984356
30562578302
30570098358
30576269296
30577667358
30580071392
30585022538
30587008962
30602682934
30614310465
30623194912
30626354545
30628464933
30629027526
30632189605
30637659668
30638806418
30642263102
30643623233
30646496995
30649109571
30656650798
30659592155
30666735090
30668326183
30668784333
30671355047
30680050988
30680093995
30684935517
30686794260
30687253059
30694602071
30695679055
30697164875
30697594360
30700191823
30700316672
30705466634
30709242928
30717265943
30721673721
30731615876
30731873394
30732532122
30735253255
30735439763
30740854282
30743193149
30746498865
30748739861
30749379934
30751241861
30755462867
30760999021
30765467294
30768352819
30769326502
30770402998
30777217838
30780881194
30785925541
30796606234
30807243931
30809775222
30810141764
30813612122
30818527615
30819400260
30820415074
30824070347
30831572649
30837870516
30839314641
30844015704
30859762866
30871189207
30873211656
30874705002
30878058765
30885946913
30888684792
30890464555
30911825943
30913704022
30918423200
30918705967
30924262287
30930411533
30935204581
30942259471
30944213514
30947061410
30950472374
30951011561
30951871278
30953220600
30960823262
30967248431
30968528165
30972481324
30975124652
30978296090
30980793186
30981613467
30983625177
30987709652
30992378019
30996328547
30999039040
31007674315
31016902852
31033849712
31039815242
31043378101
31050010832
31056190812
31057670163
31063883918
31064470716
31066860673
31080740105
31081977599
31085020820
31088650428
31092181903
31126264376
31134828420
31138154555
31138223784
31142746786
31152987813
31154826892
31162727531
31165225163
31166233925
31171172314
31172122430
31175544495
31177691232
31179494566
31180319191
31184948115
31189495616
31193560253
31198714099
31199952244
31206296394
31214610802
31216458844
31227597569
31234790139
31236718740
31238636235
31239195449
31246183807
31253457417
31255935274
31256218917
31260402006
31262011590
31264008537
31264975101
31269891335
31273586819
31273839665
31274829293
31282944044
31283363363
31284014226
31289724365
31291877587
31296847308
31301860688
31306642852
31314959179
31315813676
31326929074
31328665927
31328721157
31332225847
31337510618
31338312692
31339074147
31340672190
31345089230
31349937046
31350603230
31373502065
31373747406
31382751492
31393121534
31401104409
31401933968
31408212946
31414533392
31417828877
31419540159
31420936865
31421028743
31430057070
31433481252
31433536376
31438502534
31441955886
31443387335
31444940832
31446213254
31449770596
31453196081
31454769549
31460681999
31465655188
31471713763
31476844213
31477698719
31482268267
31485564499
31490923453
31491610545
31495520808
31497017722
31501251306
31501797178
31505179166
31505368592
31505845528
31516571608
31516832407
31517781551
31519792308
31520063763
31527877485
31532682016
31533170499
31540463022
31543134704
31550022025
31552645102
31552828464
31556469152
31563459047
31565579791
31567811003
31577500680
31580102962
31586434164
31587519005
31589550505
31590517518
31590550816
31605454022
31611446015
31617482088
31618185837
31619268619
31638649205
31638760371
31647707699
31657019032
31667925435
31672916600
31676350961
31677573569
31688899225
31689818405
31701961199
31708993330
31711922997
31715612150
31717477636
31718593644
31723338337
31732885530
31735527401
31738479211
31738670752
31741415859
31748278097
31756642073
31765629807
31767979066
31773944447
31776923979
31784318033
31786951094
31789087025
31791914746
31792736126
31792895181
31797855132
31806138051
31812230252
31813711203
31823213707
31825146464
31825741813
31827468942
31832782982
31836556239
31847014552
31852421796
31861123169
31861179461
31868422947
31875688295
31876054726
31879891628
31888459663
31889255504
31891785587
31892677382
31898056144
31909396272
31912602986
31919633905
31920950255
31923924395
31926089186
31929518965
31935052768
31935550664
31936629575
31940358314
31947105866
31951394044
31954592137
31961483071
31964175698
31965442485
31965981049
31967131828
31973391566
31977741288
31985866547
31986111955
31991322115
31996923045
31997631864
32007524132
32012714329
32013588378
32022040095
32023783483
32030877810
32032629540
32040680623
32046229753
32048897350
32056709277
32068141265
32076284123
32077168004
32081022128
32082720849
32087462987
32088239968
32093082376
32094526087
32105036173
32108241156
32109837679
32111971332
32115284276
32116013400
32121440099
32124632859
32128562692
32130985635
32136769410
32147929447
32149034843
32153184500
32156557661
32165737949
32168729576
32168809779
32169625608
32173454702
32177430894
32177521276
32180053948
32187095854
32188205565
32188634123
32190503539
32191743576
32205744390
32216945334
32218628612
32220194057
32222589896
32222853302
32230970342
32233349724
32234457777
32238324550
32239394364
32246383012
32247753368
32248618907
32249556307
32249679137
32262306412
32268561854
32278980111
32280275344
32302943285
32312156741
32315946203
32321049053
32322411770
32323281165
32341224047
32346165186
32353616577
32356111205
32357836501
32361691778
32369121968
32369776297
32372360970
32374184893
32393889596
32402278344
32406605665
32406767608
32415898243
32416009507
32421787011
32422180371
32431003000
32431605042
32433186256
32436976253
32439349554
32440961273
32442601110
32446177072
32448478553
32450514884
32456217629
32456307676
32460024838
32460050333
32462068563
32462430331
32466262587
32466478602
32466554148
32466952909
32469599404
32477183245
32478596131
32478941595
32480172476
32484091520
32485678852
32487506287
32487755438
32489688455
32491749973
32493483326
32498119549
32498135318
32512673038
32513343274
32516860071
32527006710
32528636581
32528777813
32530096394
32534679294
32536311239
32544219996
32546808356
32556449574
32558462077
32562536160
32565765417
32567342034
32568266146
32568548939
32571475335
32572490875
32576411781
32579362639
32580065873
32582289133
32591864793
32595173375
32602444528
32602560998
32606157619
32606532432
32609622918
32616449465
32617901881
32621954713
32629670072
32634049458
32637578339
32639251121
32660936981
32661576803
32663816474
32665044758
32665136040
32666179219
32667251377
32670977926
32675274688
32682173951
32683889905
32698547731
32707925783
32709784040
32728227511
32728408897
32732561823
32735159089
32737876200
32745308274
32746210830
32746542107
32747716237
32756417959
32759298616
32760867189
32762694696
32762904813
32764353812
32765468955
32766329385
32767445145
32770550696
32790156058
32793665156
32799157424
32799906240
32800260581
32800781775
32806096559
32818264430
32821427852
32825422897
32826288446
32826428219
32833531872
32837843631
32838034464
32838759520
32842237220
32861996595
32866610635
32867861748
32871543283
32888687499
32890271673
32894980070
32896491998
32909773411
32913480201
32914661858
32918419463
32919668991
32925229439
32926105750
32927306317
32928461933
32934178255
32947766532
32950386643
32954504122
32960846346
32964065198
32966296188
32967420662
32968463838
32969536523
32974896278
32975053593
32981526932
32984335175
32984638368
32985621552
32988388481
32993541937
32993794297
32996643774
33001578609
33011973918
33012801186
33013764393
33024354082
33030011405
33032804652
33037853525
33049881801
33053197741
33056413422
33058765060
33060163144
33060250805
33062378908
33069335455
33077709281
33078756675
33085518385
33089759088
33101849805
33105262205
33106894072
33109570003
33109932643
33114194897
33115978708
33132222505
33135575094
33139234888
33142678181
33143464474
33144094407
33150970990
33161275887
33162406957
33164416375
33170015850
33179340552
33181545907
33184736887
33186841771
33193081538
33197657887
33203864587
33217517670
33224724258
33228945761
33232317432
33232776961
33234003098
33234807464
33238669484
33241019723
33243089490
33250261308
33255684022
33255890431
33264631439
33266054679
33270069132
33270926283
33271892343
33274164728
33284004415
33290077614
33290515297
33296487917
33300706293
33304442877
33313079087
33315624254
33315781067
33326949931
33340676681
33345558744
33347632274
33363236421
33366622393
33368803509
33369389002
33391191183
33391411158
33395210434
33403789590
33405783719
33407006701
33414149719
33414319876
33415503810
33418344391
33425223426
33426224038
33432392792
33440627897
33441837689
33445710522
33449550896
